0,
20,
81,
183,
325,
508,
730,
991,
1290,
1627,
2001,
2411,
2855,
3334,
3844,
4387,
4959,
5559,
6187,
6840,
7516,
8215,
8935,
9672,
10427,
11197,
11979,
12772,
13575,
14384,
15198,
16016,
16834,
17651,
18465,
19274,
20075,
20868,
21649,
22417,
23169,
23898,
24596,
25262,
25896,
26498,
27068,
27606,
28111,
28585,
29028,
29440,
29822,
30175,
30498,
30794,
31063,
31306,
31525,
31720,
31893,
32045,
32177,
32291,
32389,
32471,
32540,
32596,
32642,
32678,
32705,
32726,
32741,
32752,
32758,
32763,
32765,
32766,
32766,
32766,
32767,
