0,
5,
20,
45,
81,
127,
183,
249,
325,
412,
508,
614,
730,
855,
991,
1136,
1290,
1454,
1627,
1810,
2001,
2201,
2411,
2629,
2855,
3090,
3334,
3585,
3844,
4112,
4387,
4669,
4959,
5255,
5559,
5870,
6187,
6510,
6840,
7175,
7516,
7863,
8215,
8573,
8935,
9301,
9672,
10048,
10427,
10810,
11197,
11586,
11979,
12374,
12772,
13172,
13575,
13979,
14384,
14791,
15198,
15607,
16016,
16425,
16834,
17243,
17651,
18058,
18465,
18870,
19274,
19675,
20075,
20473,
20868,
21260,
21649,
22034,
22417,
22795,
23169,
23537,
23898,
24251,
24596,
24933,
25262,
25583,
25896,
26201,
26498,
26787,
27068,
27341,
27606,
27863,
28111,
28352,
28585,
28811,
29028,
29238,
29440,
29635,
29822,
30002,
30175,
30340,
30498,
30650,
30794,
30932,
31063,
31188,
31306,
31418,
31525,
31625,
31720,
31809,
31893,
31971,
32045,
32113,
32177,
32236,
32291,
32342,
32389,
32432,
32471,
32507,
32540,
32570,
32596,
32620,
32642,
32661,
32678,
32692,
32705,
32716,
32726,
32734,
32741,
32747,
32752,
32755,
32758,
32761,
32763,
32764,
32765,
32766,
32766,
32766,
32766,
32766,
32766,
32766,
32767,
