0,
1,
5,
11,
20,
31,
45,
62,
81,
103,
127,
154,
183,
215,
249,
286,
325,
367,
412,
458,
508,
560,
614,
671,
730,
791,
855,
922,
991,
1062,
1136,
1212,
1290,
1371,
1454,
1539,
1627,
1717,
1810,
1904,
2001,
2100,
2201,
2305,
2411,
2519,
2629,
2741,
2855,
2972,
3090,
3211,
3334,
3458,
3585,
3714,
3844,
3977,
4112,
4248,
4387,
4527,
4669,
4813,
4959,
5106,
5255,
5406,
5559,
5714,
5870,
6027,
6187,
6348,
6510,
6674,
6840,
7007,
7175,
7345,
7516,
7689,
7863,
8039,
8215,
8393,
8573,
8753,
8935,
9117,
9301,
9486,
9672,
9860,
10048,
10237,
10427,
10618,
10810,
11003,
11197,
11391,
11586,
11782,
11979,
12176,
12374,
12573,
12772,
12972,
13172,
13373,
13575,
13776,
13979,
14181,
14384,
14587,
14791,
14994,
15198,
15402,
15607,
15811,
16016,
16220,
16425,
16629,
16834,
17038,
17243,
17447,
17651,
17855,
18058,
18262,
18465,
18668,
18870,
19072,
19274,
19475,
19675,
19876,
20075,
20274,
20473,
20670,
20868,
21064,
21260,
21455,
21649,
21842,
22034,
22226,
22417,
22606,
22795,
22983,
23169,
23354,
23537,
23719,
23898,
24076,
24251,
24425,
24596,
24766,
24933,
25099,
25262,
25424,
25583,
25741,
25896,
26050,
26201,
26351,
26498,
26644,
26787,
26929,
27068,
27205,
27341,
27474,
27606,
27735,
27863,
27988,
28111,
28233,
28352,
28470,
28585,
28699,
28811,
28921,
29028,
29134,
29238,
29340,
29440,
29539,
29635,
29730,
29822,
29913,
30002,
30089,
30175,
30258,
30340,
30420,
30498,
30575,
30650,
30723,
30794,
30864,
30932,
30998,
31063,
31126,
31188,
31248,
31306,
31363,
31418,
31472,
31525,
31576,
31625,
31673,
31720,
31765,
31809,
31851,
31893,
31933,
31971,
32008,
32045,
32079,
32113,
32146,
32177,
32207,
32236,
32264,
32291,
32317,
32342,
32366,
32389,
32411,
32432,
32452,
32471,
32490,
32507,
32524,
32540,
32555,
32570,
32583,
32596,
32609,
32620,
32631,
32642,
32652,
32661,
32670,
32678,
32685,
32692,
32699,
32705,
32711,
32716,
32721,
32726,
32730,
32734,
32738,
32741,
32744,
32747,
32749,
32752,
32754,
32755,
32757,
32758,
32760,
32761,
32762,
32763,
32763,
32764,
32764,
32765,
32765,
32766,
32766,
32766,
32766,
32766,
32766,
32766,
32766,
32766,
32766,
32766,
32766,
32766,
32766,
32767,