0,
2,
9,
20,
36,
57,
82,
111,
145,
184,
227,
274,
326,
382,
443,
508,
578,
652,
730,
813,
900,
991,
1087,
1187,
1291,
1399,
1511,
1628,
1748,
1873,
2002,
2134,
2271,
2411,
2556,
2704,
2856,
3012,
3171,
3334,
3501,
3671,
3845,
4022,
4203,
4387,
4575,
4765,
4959,
5156,
5356,
5560,
5766,
5975,
6187,
6402,
6620,
6840,
7063,
7289,
7517,
7748,
7981,
8216,
8453,
8693,
8935,
9179,
9425,
9673,
9923,
10174,
10428,
10683,
10939,
11197,
11456,
11717,
11979,
12243,
12507,
12773,
13039,
13307,
13575,
13844,
14114,
14384,
14655,
14927,
15199,
15471,
15744,
16016,
16289,
16562,
16834,
17107,
17379,
17651,
17923,
18195,
18465,
18736,
19005,
19274,
19542,
19809,
20076,
20341,
20605,
20868,
21130,
21390,
21649,
21907,
22163,
22417,
22670,
22921,
23169,
23416,
23659,
23899,
24135,
24367,
24597,
24822,
25044,
25263,
25478,
25689,
25897,
26101,
26302,
26499,
26692,
26882,
27069,
27251,
27431,
27606,
27778,
27947,
28112,
28273,
28431,
28586,
28737,
28885,
29029,
29170,
29307,
29441,
29571,
29699,
29823,
29943,
30061,
30175,
30286,
30394,
30499,
30600,
30699,
30795,
30887,
30977,
31064,
31147,
31228,
31307,
31382,
31455,
31525,
31593,
31658,
31720,
31780,
31838,
31893,
31946,
31997,
32045,
32091,
32135,
32178,
32218,
32256,
32292,
32326,
32359,
32390,
32419,
32446,
32472,
32496,
32519,
32541,
32561,
32579,
32597,
32613,
32628,
32642,
32655,
32667,
32678,
32688,
32697,
32706,
32713,
32720,
32727,
32732,
32737,
32742,
32746,
32749,
32752,
32755,
32757,
32759,
32761,
32762,
32763,
32764,
32765,
32765,
32766,
32766,
32766,
32767,
32767,
32767,
32767,
32767,
32767,
32767,
32767,
32767