0,
1,
7,
17,
31,
49,
71,
97,
127,
161,
199,
240,
286,
336,
389,
446,
508,
573,
642,
715,
791,
872,
956,
1044,
1136,
1231,
1330,
1433,
1539,
1649,
1763,
1880,
2001,
2125,
2253,
2384,
2519,
2657,
2798,
2942,
3090,
3241,
3396,
3553,
3714,
3877,
4044,
4214,
4387,
4562,
4741,
4922,
5106,
5293,
5483,
5675,
5870,
6067,
6267,
6469,
6674,
6881,
7091,
7303,
7516,
7733,
7951,
8171,
8393,
8618,
8844,
9072,
9301,
9533,
9766,
10001,
10237,
10475,
10714,
10955,
11197,
11440,
11684,
11930,
12176,
12424,
12673,
12922,
13172,
13424,
13675,
13928,
14181,
14435,
14689,
14943,
15198,
15454,
15709,
15965,
16220,
16476,
16732,
16987,
17243,
17498,
17753,
18008,
18262,
18516,
18769,
19022,
19274,
19525,
19776,
20025,
20274,
20522,
20769,
21015,
21260,
21503,
21745,
21986,
22226,
22464,
22701,
22936,
23169,
23400,
23628,
23853,
24076,
24295,
24511,
24723,
24933,
25140,
25343,
25544,
25741,
25935,
26126,
26314,
26498,
26680,
26858,
27033,
27205,
27374,
27540,
27703,
27863,
28019,
28172,
28323,
28470,
28614,
28755,
28893,
29028,
29160,
29289,
29415,
29539,
29659,
29776,
29890,
30002,
30111,
30217,
30320,
30420,
30517,
30612,
30705,
30794,
30881,
30965,
31047,
31126,
31203,
31277,
31349,
31418,
31486,
31550,
31613,
31673,
31731,
31787,
31841,
31893,
31942,
31990,
32036,
32079,
32121,
32162,
32200,
32236,
32271,
32304,
32336,
32366,
32395,
32422,
32447,
32471,
32494,
32516,
32536,
32555,
32573,
32590,
32606,
32620,
32634,
32647,
32659,
32670,
32680,
32689,
32697,
32705,
32712,
32719,
32725,
32730,
32735,
32739,
32743,
32747,
32750,
32753,
32755,
32757,
32759,
32760,
32761,
32763,
32763,
32764,
32765,
32765,
32766,
32766,
32766,
32766,
32766,
32766,
32766,
32766,
32766,
32766,
32766,
32767