0,
8,
32,
72,
128,
199,
287,
390,
508,
642,
792,
956,
1136,
1331,
1540,
1764,
2002,
2253,
2519,
2798,
3091,
3396,
3714,
4045,
4387,
4741,
5107,
5483,
5870,
6267,
6675,
7091,
7517,
7951,
8394,
8844,
9302,
9766,
10237,
10714,
11197,
11685,
12177,
12673,
13173,
13676,
14182,
14689,
15199,
15709,
16221,
16732,
17243,
17753,
18262,
18769,
19274,
19776,
20275,
20770,
21260,
21746,
22227,
22701,
23169,
23629,
24076,
24511,
24934,
25344,
25741,
26126,
26499,
26859,
27206,
27541,
27863,
28173,
28470,
28756,
29029,
29290,
29539,
29777,
30003,
30217,
30420,
30613,
30795,
30966,
31127,
31278,
31419,
31551,
31674,
31788,
31893,
31990,
32080,
32162,
32237,
32305,
32367,
32422,
32472,
32516,
32556,
32591,
32621,
32647,
32670,
32689,
32706,
32720,
32731,
32740,
32747,
32753,
32757,
32761,
32763,
32765,
32766,
32766,
32767,
32767,
32767,
32767,
32767 