0,
9,
36,
82,
145,
227,
326,
443,
578,
730,
900,
1087,
1291,
1511,
1748,
2002,
2271,
2556,
2856,
3171,
3501,
3845,
4203,
4575,
4959,
5356,
5766,
6187,
6620,
7063,
7517,
7981,
8453,
8935,
9425,
9923,
10428,
10939,
11456,
11979,
12507,
13039,
13575,
14114,
14655,
15199,
15744,
16289,
16834,
17379,
17923,
18465,
19005,
19542,
20076,
20605,
21130,
21649,
22163,
22670,
23169,
23659,
24135,
24597,
25044,
25478,
25897,
26302,
26692,
27069,
27431,
27778,
28112,
28431,
28737,
29029,
29307,
29571,
29823,
30061,
30286,
30499,
30699,
30887,
31064,
31228,
31382,
31525,
31658,
31780,
31893,
31997,
32091,
32178,
32256,
32326,
32390,
32446,
32496,
32541,
32579,
32613,
32642,
32667,
32688,
32706,
32720,
32732,
32742,
32749,
32755,
32759,
32762,
32764,
32765,
32766,
32767,
32767,
32767,
32767,
32767,