Mls.MLS Freq	Mls.Ch.1 Ampl 	Mls.Ch.1 Phase
Source 1	Data 1	Data 2
Hz	dBV	deg
20	-55.14156573	5.756835938
20.2721979	-55.14156573	5.756835938
20.54810038	-55.14156573	5.756835938
20.82775787	-55.14156573	5.756835938
21.11122146	-55.14156573	5.756835938
21.39854297	-54.74882639	5.9765625
21.68977489	-54.74882639	5.9765625
21.98497044	-54.74882639	5.9765625
22.28418358	-54.74882639	5.9765625
22.58746898	-54.74882639	5.9765625
22.89488205	-54.30663091	6.064453125
23.20647899	-54.30663091	6.064453125
23.52231673	-54.30663091	6.064453125
23.84245299	-54.30663091	6.064453125
24.16694627	-54.30663091	6.064453125
24.49585587	-53.88288741	6.284179688
24.82924189	-53.88288741	6.284179688
25.16716526	-53.88288741	6.284179688
25.50968773	-53.88288741	6.284179688
25.8568719	-53.42619608	6.284179688
26.20878121	-53.42619608	6.284179688
26.56547997	-53.42619608	6.284179688
26.92703336	-53.42619608	6.284179688
27.29350745	-52.97394098	6.372070313
27.66496922	-52.97394098	6.372070313
28.04148654	-52.97394098	6.372070313
28.42312823	-52.97394098	6.372070313
28.80996401	-52.50008055	6.284179688
29.2020646	-52.50008055	6.284179688
29.59950163	-52.50008055	6.284179688
30.00234773	-52.50008055	6.284179688
30.41067653	-52.03110686	6.240234375
30.82456264	-52.03110686	6.240234375
31.2440817	-52.03110686	6.240234375
31.66931037	-51.551948	6.064453125
32.10032635	-51.551948	6.064453125
32.53720842	-51.551948	6.064453125
32.9800364	-51.08025075	5.932617188
33.42889123	-51.08025075	5.932617188
33.88385493	-51.08025075	5.932617188
34.34501063	-51.08025075	5.932617188
34.81244262	-50.59420962	5.625
35.2862363	-50.59420962	5.625
35.76647827	-50.59420962	5.625
36.25325628	-50.11818235	5.405273438
36.74665928	-50.11818235	5.405273438
37.24677745	-50.11818235	5.405273438
37.75370218	-49.63349755	5.009765625
38.2675261	-49.63349755	5.009765625
38.78834311	-49.63349755	5.009765625
39.31624838	-49.15582439	4.658203125
39.85133838	-49.15582439	4.658203125
40.39371091	-48.68275996	4.21875
40.94346507	-48.68275996	4.21875
41.50070133	-48.68275996	4.21875
42.06552151	-48.2114289	3.735351563
42.63802883	-48.2114289	3.735351563
43.21832792	-47.74081634	3.251953125
43.80652482	-47.74081634	3.251953125
44.40272702	-47.74081634	3.251953125
45.00704347	-47.27713578	2.724609375
45.6195846	-47.27713578	2.724609375
46.24046235	-46.81670799	2.065429688
46.86979018	-46.81670799	2.065429688
47.5076831	-46.81670799	2.065429688
48.15425767	-46.36433465	1.494140625
48.80963206	-46.36433465	1.494140625
49.47392602	-45.91494198	0.791015625
50.14726095	-45.91494198	0.791015625
50.8297599	-45.47585115	0.131835938
51.52154759	-45.47585115	0.131835938
52.22275044	-45.03823301	-0.615234375
52.93349658	-45.03823301	-0.615234375
53.65391591	-44.61125393	-1.318359375
54.38414006	-44.61125393	-1.318359375
55.12430249	-44.18964227	-2.109375
55.87453845	-44.18964227	-2.109375
56.63498505	-43.77571731	-2.900390625
57.40578124	-43.77571731	-2.900390625
58.18706789	-43.36759472	-3.735351563
58.97898777	-43.36759472	-3.735351563
59.78168559	-42.96783828	-4.5703125
60.59530805	-42.96783828	-4.5703125
61.42000382	-42.57384901	-5.44921875
62.25592361	-42.57384901	-5.44921875
63.10322019	-42.18678733	-6.328125
63.96204838	-41.81043462	-7.20703125
64.83256514	-41.81043462	-7.20703125
65.71492953	-41.43835353	-8.129882813
66.60930282	-41.43835353	-8.129882813
67.51584843	-41.0744459	-9.052734375
68.43473203	-40.71834649	-10.01953125
69.36612154	-40.71834649	-10.01953125
70.31018716	-40.36869039	-10.98632813
71.26710141	-40.02744453	-11.90917969
72.23703917	-40.02744453	-11.90917969
73.22017768	-39.69056999	-12.91992188
74.2166966	-39.36280728	-13.88671875
75.22677804	-39.36280728	-13.88671875
76.25060658	-39.04168791	-14.89746094
77.28836932	-38.72642112	-15.86425781
78.34025591	-38.72642112	-15.86425781
79.40645855	-38.42006959	-16.875
80.48717211	-38.11941128	-17.88574219
81.58259406	-37.82499094	-18.89648438
82.69292459	-37.82499094	-18.89648438
83.8183666	-37.53815352	-19.90722656
84.95912576	-37.25719282	-20.91796875
86.11541053	-36.98198418	-21.97265625
87.28743221	-36.71509376	-22.98339844
88.47540499	-36.71509376	-22.98339844
89.67954595	-36.45322309	-23.99414063
90.90007514	-36.19654575	-25.04882813
92.13721561	-35.94735943	-26.05957031
93.39119343	-35.70332702	-27.0703125
94.66223776	-35.46584734	-28.08105469
95.95058086	-35.23332705	-29.09179688
97.25645818	-35.23332705	-29.09179688
98.58010835	-35.00686937	-30.14648438
99.92177326	-34.78519671	-31.15722656
101.2816981	-34.5698814	-32.12402344
102.6601314	-34.35926191	-33.13476563
104.057325	-34.15443023	-34.14550781
105.4735342	-33.95421996	-35.11230469
106.9090179	-33.75947784	-36.12304688
108.3640384	-33.56938092	-37.08984375
109.8388616	-33.38418042	-38.05664063
111.3337569	-33.20320555	-39.0234375
112.8489977	-33.02785993	-39.99023438
114.3848607	-32.85641546	-40.91308594
115.9416266	-32.68905111	-41.87988281
117.51958	-32.52617936	-42.80273438
119.1190091	-32.36801782	-43.72558594
120.7402063	-32.21332565	-44.60449219
122.3834678	-31.91599319	-46.40625
124.0490939	-31.77387591	-47.28515625
125.737389	-31.63397162	-48.1640625
127.4486617	-31.49835059	-48.99902344
129.1832246	-31.36612243	-49.83398438
130.9413947	-31.23723721	-50.66894531
132.7234933	-30.98882215	-52.29492188
134.5298461	-30.86901297	-53.0859375
136.3607832	-30.75212018	-53.87695313
138.2166391	-30.6376482	-54.62402344
140.097753	-30.41710579	-56.11816406
142.0044687	-30.31054024	-56.86523438
143.9371346	-30.20577488	-57.56835938
145.8961039	-30.00331382	-58.97460938
147.8817345	-29.90523832	-59.63378906
149.8943894	-29.80850079	-60.29296875
151.9344363	-29.62033841	-61.56738281
154.002248	-29.52894013	-62.18261719
156.0982024	-29.3492096	-63.41308594
158.2226825	-29.26140428	-64.02832031
160.3760766	-29.17459062	-64.59960938
162.5587781	-29.00385593	-65.69824219
164.771186	-28.91956636	-66.26953125
167.0137045	-28.75340211	-67.32421875
169.2867435	-28.5896181	-68.33496094
171.5907183	-28.50850382	-68.81835938
173.9260499	-28.34758897	-69.78515625
176.2931651	-28.26726946	-70.26855469
178.6924966	-28.10792601	-71.23535156
181.1244827	-27.94939361	-72.11425781
183.5895679	-27.87032482	-72.59765625
186.0882026	-27.71297826	-73.4765625
188.6208435	-27.55618183	-74.35546875
191.1879533	-27.4002324	-75.234375
193.7900013	-27.32288468	-75.67382813
196.4274628	-27.16834302	-76.55273438
199.1008199	-27.01518197	-77.43164063
201.8105611	-26.86354987	-78.26660156
204.5571817	-26.71383899	-79.14550781
207.3411834	-26.56633038	-80.06835938
210.1630751	-26.49338057	-80.5078125
213.0233725	-26.34986461	-81.38671875
215.9225982	-26.20924326	-82.265625
218.861282	-26.07212621	-83.18847656
221.8399611	-25.93877373	-84.11132813
224.8591796	-25.74612048	-85.47363281
227.9194894	-25.62296896	-86.39648438
231.0214497	-25.50435079	-87.31933594
234.1656274	-25.39010561	-88.2421875
237.352597	-25.28051631	-89.16503906
240.5829408	-25.17549827	-90.08789063
243.8572494	-25.07504457	-90.96679688
247.1761209	-24.93274308	-92.28515625
250.5401619	-24.84333668	-93.1640625
253.9499872	-24.75789654	-94.04296875
257.4062198	-24.63691537	-95.31738281
260.9094914	-24.56077141	-96.10839844
264.4604422	-24.45179065	-97.29492188
268.059721	-24.38257689	-98.0859375
271.7079856	-24.31571717	-98.83300781
275.4059027	-24.21893531	-99.93164063
279.1541481	-24.12498759	-100.9863281
282.9534067	-24.06370967	-101.6455078
286.8043729	-23.97315417	-102.6123047
290.7077502	-23.91305766	-103.2714844
294.6642521	-23.82307559	-104.1943359
298.6746016	-23.73329188	-105.1171875
302.7395316	-23.64299317	-105.9960938
306.8597848	-23.58263911	-106.6113281
311.0361142	-23.49282843	-107.4902344
315.269283	-23.40265864	-108.3691406
319.5600648	-23.3142204	-109.2480469
323.9092437	-23.22712903	-110.1708984
328.3176144	-23.14293191	-111.0498047
332.7859827	-23.06200079	-111.9726563
337.3151649	-22.98524918	-112.8955078
341.9059888	-22.9132326	-113.8183594
346.5592934	-22.82559273	-115.0488281
351.275929	-22.76664561	-115.9716797
356.0567574	-22.71324615	-116.8505859
360.9026525	-22.66561517	-117.7294922
365.8144996	-22.61007329	-118.8720703
370.7931965	-22.57387542	-119.7070313
375.8396529	-22.5313088	-120.7617188
380.9547911	-22.50245287	-121.4648438
386.1395458	-22.46596956	-122.4316406
391.3948644	-22.43878529	-123.046875
396.7217074	-22.40122171	-123.8818359
402.1210481	-22.36041832	-124.6728516
407.5938733	-22.32709171	-125.2441406
413.1411831	-22.27795283	-125.9472656
418.7639911	-22.2236105	-126.6943359
424.463325	-22.16537272	-127.4414063
430.2402263	-22.10492061	-128.2324219
436.0957505	-22.04409131	-129.0234375
442.0309678	-21.98565894	-129.8583984
448.0469628	-21.93203032	-130.78125
454.1448349	-21.88555832	-131.6601563
460.3256984	-21.84787882	-132.6269531
466.5906827	-21.81568404	-133.8134766
472.9409329	-21.80195034	-134.7363281
479.3776093	-21.7983754	-135.3955078
485.9018881	-21.79924485	-135.8349609
492.5149618	-21.81055554	-136.8457031
499.2180386	-21.82633778	-137.5927734
506.0123436	-21.85021079	-138.4277344
512.8991184	-21.86888908	-138.9990234
519.8796215	-21.88663171	-139.6142578
526.9551285	-21.88780283	-140.5371094
534.1269324	-21.86791526	-141.0205078
541.3963438	-21.83428816	-141.5478516
548.7646912	-21.79200214	-142.2070313
556.2333209	-21.74703958	-142.9101563
563.8035979	-21.70756473	-143.7890625
571.4769056	-21.68141102	-144.7558594
579.2546463	-21.67483726	-145.5908203
587.1382411	-21.67731374	-146.0302734
595.1291308	-21.71158066	-147.3046875
603.2287758	-21.77252509	-148.359375
611.438656	-21.88321685	-149.4580078
619.7602718	-22.00107067	-150.1611328
628.195144	-22.16043644	-150.6884766
636.7448138	-22.31847232	-150.8203125
645.4108438	-22.44950302	-150.6005859
654.1948176	-22.52773596	-150.0292969
663.0983403	-22.48633533	-148.8867188
672.123039	-22.36980161	-148.5791016
681.2705629	-22.21570124	-148.7109375
690.5425836	-22.0576164	-149.4140625
699.9407956	-21.91497802	-150.9082031
709.4669162	-21.86392374	-152.6220703
719.1226864	-21.86363175	-152.9296875
728.9098706	-21.94164925	-155.2587891
738.8302573	-22.17242942	-157.5439453
748.8856594	-22.49857774	-159.0820313
759.0779145	-23.01597963	-160.0488281
769.4088851	-23.63284533	-159.5214844
779.8804592	-24.24206992	-157.0605469
790.4945502	-24.67416296	-152.5341797
801.253098	-24.41855145	-141.3720703
812.1580684	-23.78474334	-137.5488281
823.2114543	-22.93126338	-135.7470703
834.4152757	-22.14494066	-136.2744141
845.7715799	-21.59831996	-137.9882813
857.2824422	-21.16604657	-140.625
868.9499661	-20.92756205	-143.4814453
880.7762838	-20.84372883	-145.9863281
892.7635564	-20.84052723	-146.5136719
904.9139746	-20.86079507	-148.0517578
917.2297587	-20.90251871	-149.765625
929.7131593	-20.83153446	-150.3369141
942.3664576	-20.72084203	-151.0839844
955.191966	-20.5977344	-152.3583984
968.1920283	-20.53494931	-154.0722656
981.36902	-20.53336252	-154.4677734
994.7253492	-20.57504925	-156.0058594
1008.263457	-20.69902502	-157.3681641
1021.985816	-20.85689373	-158.1152344
1035.894936	-20.994494	-158.2470703
1049.993357	-21.01274176	-158.1591797
1064.283656	-20.96688678	-158.6865234
1078.768445	-20.96179695	-159.0380859
1093.45037	-20.98182247	-159.6533203
1108.332115	-21.10019119	-160.5322266
1123.416398	-21.31762619	-160.7080078
1138.705977	-21.49341618	-159.8291016
1154.203646	-21.38534168	-156.6210938
1169.912236	-21.07357941	-155.8740234
1185.834619	-20.74913221	-156.4892578
1201.973703	-20.5298559	-157.9833984
1218.332439	-20.45753542	-159.7851563
1234.913815	-20.45778377	-159.9169922
1251.720863	-20.51317712	-161.3232422
1268.756652	-20.62545701	-162.1582031
1286.024297	-20.70566659	-162.2900391
1303.526952	-20.68779701	-162.1582031
1321.267817	-20.60817266	-162.3779297
1339.250133	-20.52643414	-162.9931641
1357.477187	-20.48564391	-164.0039063
1375.952308	-20.48597612	-164.0917969
1394.678875	-20.54012928	-165.1464844
1413.660308	-20.69315402	-165.8496094
1432.900076	-20.86895018	-165.5419922
1452.401695	-20.82885573	-163.3007813
1472.16873	-20.6187078	-163.0810547
1492.204791	-20.45207353	-163.9160156
1512.513542	-20.42753745	-164.5751953
1533.098692	-20.44479635	-164.9707031
1553.964004	-20.48680669	-164.53125
1575.113291	-20.30816414	-164.1796875
1596.550417	-20.08231235	-165.0585938
1618.2793	-20.00551157	-166.5087891
1640.303911	-20.01014927	-166.8603516
1662.628275	-20.12921509	-168.046875
1685.256471	-20.28760178	-168.046875
1708.192635	-20.24113011	-166.4208984
1731.440957	-20.0514473	-165.9814453
1755.005686	-19.81323865	-166.2011719
1778.891129	-19.57824614	-167.2119141
1803.101651	-19.43732761	-169.0136719
1827.641674	-19.42849914	-169.6728516
1852.515686	-19.46106178	-170.7714844
1877.728229	-19.4920431	-172.1777344
1903.283913	-19.45951192	-173.1884766
1929.187407	-19.46792877	-173.671875
1955.443445	-19.66478434	-175.3417969
1982.056825	-20.01227243	-175.2099609
2009.03241	-19.95426909	-171.4306641
2036.37513	-19.65715603	-171.2109375
2064.089981	-19.41799025	-171.6943359
2092.182029	-19.15625227	-172.7490234
2120.656406	-18.97724122	-175.2539063
2149.518317	-18.97619413	-175.5175781
2178.773035	-19.13966357	-177.890625
2208.425907	-19.4990829	-178.2421875
2238.482352	-19.3993554	-175.5175781
2268.947861	-19.14912877	-175.8251953
2299.828003	-18.93559456	-176.8798828
2331.12842	-18.82170813	-178.6816406
2362.854833	-18.82184528	-178.7695313
2395.013039	-18.95165849	-180.1757813
2427.608915	-18.66089714	-179.1210938
2460.648417	-18.31437086	-182.0654297
2494.137583	-18.30118594	-182.9443359
2528.082533	-18.46047842	-185.8447266
2562.489471	-18.82410847	-187.1191406
2597.364683	-19.04290119	-186.6796875
2632.714544	-18.89075914	-185.4052734
2668.545512	-18.644085	-186.6796875
2704.864136	-18.57416042	-188.6572266
2741.677052	-18.57442701	-188.7890625
2778.990989	-18.59183929	-190.546875
2816.812764	-18.65342853	-192.3925781
2855.14929	-18.81211342	-194.1064453
2894.007571	-18.98394562	-195.3808594
2933.39471	-19.22486488	-196.5673828
2973.317904	-19.48397288	-196.875
3013.784448	-19.67657986	-197.0507813
3054.801737	-19.93320178	-196.6992188
3096.377268	-19.85221894	-195.2490234
3138.518637	-19.85028893	-195.3808594
3181.233546	-19.97640573	-195.9521484
3224.5298	-19.90511361	-196.0400391
3268.415312	-19.92603495	-196.6113281
3312.8981	-20.3077573	-197.4023438
3357.986295	-20.3298357	-192.65625
3403.688136	-19.99451678	-192.1728516
3450.011973	-19.74403044	-193.1835938
3496.966274	-19.66750496	-194.1064453
3544.559617	-19.52439918	-194.9853516
3592.800701	-19.49841573	-195.6884766
3641.698341	-19.31591724	-196.5673828
3691.261472	-19.18173091	-198.5888672
3741.499153	-19.20735618	-199.5556641
3792.420563	-19.47391412	-201.1376953
3844.035008	-19.49041365	-202.2363281
3896.351921	-19.4920431	-202.5439453
3949.380861	-19.6090484	-204.3457031
4003.131519	-19.80202381	-205.3125
4057.613718	-19.97687567	-206.5429688
4112.837414	-20.3548332	-207.0263672
4168.812699	-20.55451571	-205.7080078
4225.549802	-20.60817266	-205.4443359
4283.059091	-20.78198217	-204.8291016
4341.351075	-20.72570719	-202.5878906
4400.436406	-20.62604781	-202.1923828
4460.325883	-20.48365093	-202.1923828
4521.03045	-20.43744268	-202.4121094
4582.561199	-20.3093034	-202.3681641
4644.929375	-20.21307624	-202.7636719
4708.146375	-20.0893713	-203.1591797
4772.223753	-19.97468284	-203.7744141
4837.173216	-19.82239023	-204.3457031
4903.006635	-19.67181436	-206.015625
4969.73604	-19.60041875	-207.1582031
5037.373625	-19.52053386	-208.6523438
5105.931751	-19.54725454	-209.53125
5175.422945	-19.60949887	-211.8164063
5245.859907	-19.63069773	-212.6513672
5317.255509	-19.87231659	-214.2773438
5389.622798	-20.09389523	-215.2880859
5462.974998	-20.38433442	-215.1123047
5537.325513	-20.41583084	-213.1787109
5612.687931	-20.24621853	-212.34375
5689.076024	-20.07327891	-212.8271484
5766.503751	-19.68452819	-214.1015625
5844.98526	-19.6687144	-214.7607422
5924.534895	-19.52752242	-217.3974609
6005.167193	-19.48708162	-219.9462891
6086.896887	-19.49374695	-220.3857422
6169.738914	-19.56038447	-222.8027344
6253.708412	-19.61107573	-224.1210938
6338.820726	-19.71776273	-226.6259766
6425.091409	-19.99263335	-227.8125
6512.536228	-20.07074489	-229.0869141
6601.171162	-20.22668879	-230.6689453
6691.012407	-20.26239202	-231.9433594
6782.076383	-20.4983599	-234.1845703
6874.379729	-20.70805198	-236.4257813
6967.939315	-20.99995549	-238.5351563
7062.772236	-21.47524807	-240.5126953
7158.895824	-21.86801264	-242.1386719
7256.327644	-22.61771316	-243.9404297
7355.0855	-23.51445853	-243.984375
7455.187441	-24.57924595	-240.8203125
7556.651758	-25.25559864	-235.3710938
7659.496994	-25.60281199	-228.1640625
7763.741943	-25.38338895	-215.2001953
7869.405655	-24.90044514	-209.0478516
7976.507438	-24.24398992	-203.3789063
8085.066866	-23.26879188	-197.9296875
8195.103776	-22.0218605	-195.1171875
8306.638277	-20.70260062	-194.4580078
8419.690751	-19.39459306	-195.6005859
8534.281857	-18.26895434	-198.7646484
8650.432536	-16.86620395	-201.9726563
8768.164013	-15.7705335	-208.6962891
8887.497804	-14.57410638	-216.2988281
9008.455715	-13.76386262	-227.7685547
9131.05985	-13.4119445	-240.2490234
9255.332615	-13.36733025	-243.7646484
9381.296719	-13.77942825	-253.5644531
9508.975181	-14.40462794	-262.4853516
9638.391334	-15.37810857	-270.6152344
9769.568826	-15.98571302	-275.3613281
9902.531631	-16.69189496	-281.6015625
10037.30405	-17.43789574	-287.1386719
10173.9107	-18.53360191	-292.8515625
10312.37655	-19.77343779	-294.1259766
10452.72691	-20.54865789	-293.90625
10594.98743	-21.27586615	-294.5654297
10739.18409	-21.62346687	-295.6640625
10885.34326	-21.17323494	-295.4003906
11033.49164	-21.31232668	-299.0917969
11183.6563	-22.04985679	-306.1669922
11335.86469	-23.01909201	-309.1992188
11490.14461	-23.74331613	-313.2421875
11646.52427	-24.60963487	-314.9560547
11805.03224	-25.01020639	-318.4716797
11965.69749	-25.53244309	-320.0097656
12128.54938	-26.34480885	-327.9638672
12293.61766	-27.21498517	-334.6435547
12460.9325	-29.23771402	-346.640625
12630.52449	-31.49768663	-358.1982422
12802.4246	-37.82942455	-362.9003906
12976.66425	-44.99939456	-280.546875
13153.27528	-41.32715973	-250.2246094
13332.28998	-38.49800364	-246.796875
13513.74104	-36.61186817	-240.8203125
13697.66164	-35.22629826	-244.6875
13884.08537	-34.62025224	-250.1367188
14073.04632	-34.6325203	-250.7958984
14264.579	-35.4792541	-253.0371094
14458.71842	-36.67349555	-246.8847656
14655.50006	-37.03248126	-220.3417969
14854.95987	-35.34300705	-207.2021484
15057.13431	-33.30379591	-203.5986328
15262.06033	-31.87498532	-201.4892578
15469.77537	-30.23570671	-199.1601563
15680.31738	-28.49794753	-199.7314453
15893.72485	-26.877667	-204.6972656
16110.03678	-25.70081239	-212.1679688
16329.29268	-25.01118518	-217.0898438
16551.53264	-23.81003581	-222.6269531
16776.79726	-22.75197112	-232.9980469
17005.12771	-22.39853002	-241.171875
17236.56571	-22.46221495	-250.4882813
17471.15356	-22.37630369	-258.9257813
17708.93412	-22.57535424	-263.7158203
17949.95085	-23.1434958	-271.8457031
18194.2478	-24.06797379	-278.4375
18441.86959	-24.25628798	-284.9414063
18692.8615	-24.25231483	-285.4248047
18947.26938	-24.40706512	-292.4121094
19205.13973	-24.72488796	-297.5097656
19466.51966	-24.9274787	-304.9804688
19731.45695	-26.02839072	-314.6484375
20000	-27.98722955	-317.4609375
