//single phase coef Number:=24,    upsample factor:=160,     downsample factor:=147
     1, -236,  106, -121,  126, -124,  115,  -99,   77,  -48,  -12,32290,  186, -141,  134, -136,  139, -141,  137, -128,  111, -238,    1,    9,
    2, -235,  102, -114,  115, -107,   90,  -61,   20,   46, -208,32286,  387, -236,  191, -173,  165, -157,  148, -135,  115, -239,    0,    1,
    2, -233,   97, -107,  104,  -91,   65,  -25,  -36,  138, -402,32278,  591, -331,  248, -211,  190, -174,  159, -141,  119, -240,    0,    1,
    2, -232,   93, -100,   93,  -74,   40,   12,  -92,  230, -593,32265,  797, -427,  306, -248,  215, -191,  170, -148,  124, -242,   -1,    1,
    3, -230,   88,  -93,   83,  -58,   16,   49, -147,  321, -781,32249, 1006, -523,  364, -286,  240, -208,  180, -155,  128, -243,   -1,    1,
    3, -229,   84,  -86,   72,  -42,   -9,   85, -203,  411, -966,32228, 1216, -619,  422, -324,  265, -224,  191, -162,  132, -244,   -2,    1,
    4, -227,   79,  -79,   61,  -25,  -33,  121, -257,  501,-1149,32203, 1430, -716,  480, -362,  290, -241,  202, -169,  137, -245,   -2,    1,
    4, -226,   74,  -72,   50,   -9,  -57,  157, -312,  589,-1329,32174, 1645, -814,  538, -400,  316, -258,  213, -175,  141, -246,   -3,    1,
    4, -224,   70,  -66,   40,    7,  -82,  193, -366,  677,-1507,32140, 1863, -912,  597, -438,  341, -275,  224, -182,  145, -248,   -3,    1,
    5, -222,   65,  -59,   29,   23, -105,  228, -420,  764,-1681,32103, 2083,-1010,  655, -476,  366, -291,  235, -189,  149, -249,   -4,    1,
    5, -221,   61,  -52,   19,   39, -129,  264, -473,  850,-1853,32061, 2306,-1109,  714, -514,  392, -308,  245, -196,  153, -250,   -5,    1,
    5, -219,   56,  -45,    8,   55, -153,  298, -525,  935,-2022,32015, 2530,-1208,  773, -552,  417, -325,  256, -202,  158, -251,   -5,    1,
    6, -217,   51,  -38,   -2,   71, -176,  333, -577, 1019,-2188,31966, 2757,-1307,  831, -590,  442, -341,  267, -209,  162, -252,   -6,    1,
    6, -216,   47,  -32,  -13,   87, -199,  367, -629, 1102,-2352,31912, 2986,-1406,  890, -628,  467, -358,  277, -215,  166, -253,   -7,    2,
    6, -214,   42,  -25,  -23,  102, -223,  401, -680, 1184,-2512,31854, 3217,-1506,  949, -666,  492, -374,  288, -222,  170, -254,   -7,    2,
    6, -212,   38,  -18,  -34,  118, -245,  435, -731, 1265,-2670,31792, 3450,-1606, 1007, -703,  517, -391,  299, -228,  173, -255,   -8,    2,
    7, -210,   33,  -11,  -44,  133, -268,  468, -781, 1346,-2824,31726, 3685,-1706, 1066, -741,  542, -407,  309, -235,  177, -255,   -9,    2,
    7, -209,   28,   -5,  -54,  148, -290,  501, -830, 1425,-2976,31655, 3922,-1806, 1125, -779,  567, -424,  319, -241,  181, -256,   -9,    2,
    7, -207,   24,    2,  -64,  163, -313,  534, -879, 1502,-3125,31581, 4161,-1906, 1183, -816,  592, -440,  330, -248,  185, -257,  -10,    2,
    7, -205,   19,    8,  -74,  178, -335,  566, -927, 1579,-3271,31503, 4402,-2006, 1241, -854,  617, -456,  340, -254,  189, -258,  -11,    2,
    8, -203,   15,   15,  -84,  193, -356,  598, -975, 1655,-3414,31421, 4644,-2106, 1299, -891,  641, -472,  350, -260,  192, -259,  -12,    2,
    8, -201,   10,   22,  -94,  208, -378,  630,-1022, 1729,-3554,31335, 4889,-2206, 1357, -928,  666, -488,  361, -266,  196, -259,  -12,    2,
    8, -199,    5,   28, -104,  222, -399,  661,-1068, 1803,-3691,31244, 5135,-2306, 1415, -965,  690, -504,  371, -272,  200, -260,  -13,    2,
    8, -198,    1,   34, -113,  237, -420,  691,-1114, 1875,-3825,31150, 5383,-2405, 1473,-1002,  714, -520,  381, -278,  203, -260,  -14,    2,
    8, -196,   -4,   41, -123,  251, -441,  722,-1159, 1946,-3956,31052, 5632,-2505, 1530,-1039,  738, -535,  391, -284,  207, -261,  -15,    2,
    8, -194,   -8,   47, -132,  265, -461,  751,-1203, 2015,-4084,30951, 5883,-2604, 1587,-1075,  762, -551,  400, -290,  210, -261,  -16,    2,
    9, -192,  -13,   53, -142,  279, -481,  781,-1247, 2084,-4209,30845, 6136,-2703, 1644,-1111,  786, -566,  410, -296,  213, -262,  -16,    2,
    9, -190,  -18,   60, -151,  292, -501,  810,-1290, 2151,-4332,30735, 6390,-2802, 1701,-1147,  809, -582,  420, -302,  217, -262,  -17,    3,
    9, -188,  -22,   66, -160,  306, -521,  838,-1332, 2217,-4450,30622, 6646,-2901, 1757,-1183,  833, -597,  429, -308,  220, -263,  -18,    3,
    9, -186,  -27,   72, -169,  319, -540,  866,-1373, 2281,-4566,30505, 6903,-2999, 1813,-1218,  856, -612,  439, -313,  223, -263,  -19,    3,
    9, -184,  -31,   78, -178,  332, -559,  894,-1414, 2345,-4679,30384, 7161,-3097, 1868,-1253,  879, -627,  448, -319,  226, -263,  -20,    3,
    9, -182,  -35,   84, -187,  345, -578,  921,-1454, 2406,-4789,30259, 7421,-3194, 1923,-1288,  901, -641,  457, -324,  229, -263,  -21,    3,
    9, -180,  -40,   90, -196,  358, -596,  948,-1493, 2467,-4896,30131, 7682,-3291, 1978,-1323,  924, -656,  466, -329,  232, -263,  -22,    3,
    9, -178,  -44,   96, -204,  370, -614,  974,-1531, 2526,-5000,29999, 7944,-3387, 2032,-1357,  946, -670,  475, -335,  235, -264,  -23,    3,
   10, -176,  -49,  101, -213,  383, -632,  999,-1569, 2584,-5101,29864, 8208,-3483, 2086,-1391,  968, -684,  484, -340,  238, -264,  -24,    3,
   10, -174,  -53,  107, -221,  395, -650, 1024,-1606, 2641,-5198,29724, 8472,-3578, 2139,-1424,  990, -698,  492, -345,  241, -264,  -25,    3,
   10, -172,  -58,  113, -229,  407, -667, 1049,-1642, 2696,-5293,29582, 8738,-3673, 2192,-1457, 1011, -712,  501, -350,  243, -264,  -26,    3,
   10, -170,  -62,  118, -237,  418, -683, 1073,-1677, 2749,-5384,29435, 9004,-3766, 2244,-1490, 1032, -725,  509, -355,  246, -264,  -27,    3,
   10, -168,  -66,  124, -245,  430, -700, 1096,-1711, 2802,-5473,29285, 9272,-3859, 2295,-1522, 1053, -739,  518, -359,  248, -263,  -28,    4,
   10, -166,  -70,  129, -253,  441, -716, 1119,-1744, 2852,-5558,29132, 9541,-3952, 2346,-1554, 1074, -752,  526, -364,  251, -263,  -29,    4,
   10, -164,  -75,  135, -261,  452, -732, 1142,-1777, 2902,-5641,28975, 9810,-4043, 2397,-1585, 1094, -765,  534, -369,  253, -263,  -30,    4,
   10, -162,  -79,  140, -268,  463, -747, 1164,-1809, 2950,-5720,28815,10080,-4134, 2446,-1616, 1114, -778,  541, -373,  255, -263,  -31,    4,
   10, -160,  -83,  145, -276,  473, -762, 1185,-1839, 2996,-5796,28652,10351,-4224, 2496,-1647, 1133, -790,  549, -377,  258, -262,  -32,    4,
   10, -158,  -87,  150, -283,  484, -777, 1206,-1869, 3041,-5870,28485,10623,-4313, 2544,-1677, 1153, -802,  556, -382,  260, -262,  -34,    4,
   10, -156,  -91,  155, -290,  494, -791, 1226,-1899, 3085,-5940,28315,10895,-4401, 2592,-1706, 1172, -814,  564, -386,  262, -262,  -35,    4,
   10, -154,  -95,  160, -297,  504, -805, 1246,-1927, 3127,-6007,28142,11168,-4488, 2639,-1735, 1190, -826,  571, -390,  264, -261,  -36,    4,
   10, -152, -100,  165, -304,  513, -818, 1265,-1954, 3168,-6072,27965,11441,-4574, 2685,-1764, 1208, -837,  578, -393,  266, -261,  -37,    4,
   10, -150, -104,  170, -311,  523, -831, 1283,-1980, 3207,-6133,27785,11715,-4659, 2730,-1792, 1226, -849,  585, -397,  267, -260,  -38,    4,
   10, -148, -108,  175, -317,  532, -844, 1301,-2006, 3244,-6191,27603,11989,-4742, 2775,-1819, 1244, -860,  591, -401,  269, -259,  -40,    5,
   10, -146, -111,  179, -324,  541, -857, 1318,-2031, 3281,-6246,27417,12264,-4825, 2819,-1846, 1261, -870,  597, -404,  271, -259,  -41,    5,
   10, -144, -115,  184, -330,  550, -869, 1335,-2054, 3315,-6299,27228,12539,-4906, 2862,-1873, 1277, -881,  604, -408,  272, -258,  -42,    5,
   10, -142, -119,  188, -336,  558, -880, 1351,-2077, 3348,-6348,27036,12814,-4986, 2904,-1898, 1294, -891,  610, -411,  274, -257,  -44,    5,
   10, -140, -123,  192, -342,  566, -891, 1367,-2099, 3380,-6394,26841,13090,-5065, 2946,-1923, 1309, -901,  615, -414,  275, -256,  -45,    5,
   10, -138, -127,  197, -348,  574, -902, 1382,-2120, 3410,-6438,26643,13365,-5143, 2986,-1948, 1325, -910,  621, -417,  276, -255,  -46,    5,
   10, -136, -131,  201, -353,  582, -913, 1396,-2140, 3439,-6479,26443,13641,-5219, 3026,-1972, 1340, -920,  626, -420,  277, -254,  -48,    5,
   10, -134, -134,  205, -359,  589, -923, 1410,-2159, 3466,-6516,26239,13916,-5294, 3064,-1995, 1354, -929,  632, -422,  278, -253,  -49,    5,
   10, -132, -138,  209, -364,  596, -932, 1423,-2177, 3492,-6551,26033,14192,-5367, 3102,-2018, 1369, -937,  637, -425,  279, -252,  -50,    5,
   10, -130, -142,  213, -369,  603, -942, 1436,-2194, 3516,-6583,25824,14468,-5439, 3139,-2040, 1382, -946,  641, -427,  280, -251,  -52,    5,
   10, -128, -145,  217, -374,  610, -950, 1447,-2211, 3538,-6612,25612,14743,-5509, 3174,-2061, 1395, -954,  646, -429,  281, -250,  -53,    6,
   10, -126, -149,  220, -379,  616, -959, 1459,-2226, 3559,-6638,25398,15018,-5578, 3209,-2082, 1408, -961,  650, -431,  282, -248,  -55,    6,
   10, -124, -152,  224, -384,  622, -967, 1469,-2240, 3579,-6662,25181,15293,-5646, 3243,-2101, 1420, -969,  654, -433,  282, -247,  -56,    6,
   10, -122, -156,  227, -388,  628, -974, 1479,-2254, 3597,-6682,24962,15567,-5711, 3275,-2121, 1432, -976,  658, -435,  283, -246,  -57,    6,
   10, -120, -159,  231, -392,  633, -982, 1489,-2266, 3614,-6700,24740,15842,-5775, 3307,-2139, 1443, -982,  662, -437,  283, -244,  -59,    6,
    9, -118, -162,  234, -396,  639, -988, 1498,-2278, 3629,-6715,24516,16115,-5837, 3337,-2157, 1454, -989,  665, -438,  283, -243,  -60,    6,
    9, -116, -166,  237, -400,  644, -995, 1506,-2289, 3642,-6728,24290,16388,-5898, 3366,-2174, 1465, -995,  669, -440,  283, -241,  -62,    6,
    9, -114, -169,  240, -404,  648,-1001, 1514,-2298, 3654,-6737,24061,16661,-5957, 3395,-2190, 1474,-1001,  672, -441,  284, -240,  -64,    6,
    9, -112, -172,  243, -408,  653,-1006, 1521,-2307, 3665,-6744,23830,16933,-6014, 3422,-2206, 1484,-1006,  674, -442,  284, -238,  -65,    7,
    9, -111, -175,  246, -411,  657,-1012, 1527,-2315, 3674,-6749,23596,17204,-6069, 3447,-2220, 1492,-1011,  677, -443,  283, -236,  -67,    7,
    9, -109, -178,  249, -415,  661,-1016, 1533,-2322, 3682,-6750,23361,17475,-6122, 3472,-2234, 1501,-1016,  679, -444,  283, -235,  -68,    7,
    9, -107, -181,  251, -418,  665,-1021, 1538,-2328, 3688,-6749,23123,17745,-6173, 3496,-2248, 1508,-1020,  681, -444,  283, -233,  -70,    7,
    9, -105, -184,  254, -421,  668,-1025, 1542,-2333, 3693,-6746,22884,18014,-6223, 3518,-2260, 1515,-1024,  683, -444,  282, -231,  -71,    7,
    9, -103, -187,  256, -423,  671,-1028, 1546,-2337, 3696,-6740,22642,18282,-6270, 3539,-2271, 1522,-1027,  684, -445,  282, -229,  -73,    7,
    9, -101, -190,  259, -426,  674,-1031, 1550,-2341, 3698,-6731,22398,18549,-6316, 3559,-2282, 1528,-1030,  686, -445,  281, -227,  -75,    7,
    9,  -99, -193,  261, -428,  677,-1034, 1552,-2343, 3698,-6720,22153,18815,-6359, 3577,-2292, 1533,-1033,  687, -445,  280, -225,  -76,    7,
    9,  -97, -196,  263, -431,  679,-1036, 1554,-2344, 3697,-6706,21905,19080,-6400, 3595,-2301, 1538,-1036,  688, -444,  280, -223,  -78,    7,
    8,  -96, -198,  265, -433,  681,-1038, 1556,-2345, 3695,-6690,21656,19344,-6439, 3611,-2310, 1543,-1038,  688, -444,  279, -221,  -80,    8,
    8,  -94, -201,  267, -435,  683,-1040, 1557,-2344, 3691,-6672,21405,19606,-6476, 3625,-2317, 1547,-1039,  688, -443,  277, -218,  -81,    8,
    8,  -92, -204,  269, -436,  685,-1041, 1557,-2343, 3686,-6651,21153,19867,-6511, 3639,-2323, 1550,-1041,  688, -443,  276, -216,  -83,    8,
    8,  -90, -206,  271, -438,  686,-1042, 1557,-2341, 3679,-6627,20899,20127,-6543, 3651,-2329, 1552,-1041,  688, -442,  275, -214,  -85,    8,
    8,  -88, -209,  272, -439,  687,-1042, 1556,-2338, 3671,-6602,20643,20386,-6574, 3662,-2334, 1554,-1042,  688, -441,  274, -211,  -87,    8,
    8,  -87, -211,  274, -441,  688,-1042, 1554,-2334, 3662,-6574,20386,20643,-6602, 3671,-2338, 1556,-1042,  687, -439,  272, -209,  -88,    8,
    8,  -85, -214,  275, -442,  688,-1041, 1552,-2329, 3651,-6543,20127,20899,-6627, 3679,-2341, 1557,-1042,  686, -438,  271, -206,  -90,    8,
    8,  -83, -216,  276, -443,  688,-1041, 1550,-2323, 3639,-6511,19867,21153,-6651, 3686,-2343, 1557,-1041,  685, -436,  269, -204,  -92,    8,
    8,  -81, -218,  277, -443,  688,-1039, 1547,-2317, 3625,-6476,19606,21405,-6672, 3691,-2344, 1557,-1040,  683, -435,  267, -201,  -94,    8,
    8,  -80, -221,  279, -444,  688,-1038, 1543,-2310, 3611,-6439,19344,21656,-6690, 3695,-2345, 1556,-1038,  681, -433,  265, -198,  -96,    8,
    7,  -78, -223,  280, -444,  688,-1036, 1538,-2301, 3595,-6400,19080,21905,-6706, 3697,-2344, 1554,-1036,  679, -431,  263, -196,  -97,    9,
    7,  -76, -225,  280, -445,  687,-1033, 1533,-2292, 3577,-6359,18815,22153,-6720, 3698,-2343, 1552,-1034,  677, -428,  261, -193,  -99,    9,
    7,  -75, -227,  281, -445,  686,-1030, 1528,-2282, 3559,-6316,18549,22398,-6731, 3698,-2341, 1550,-1031,  674, -426,  259, -190, -101,    9,
    7,  -73, -229,  282, -445,  684,-1027, 1522,-2271, 3539,-6270,18282,22642,-6740, 3696,-2337, 1546,-1028,  671, -423,  256, -187, -103,    9,
    7,  -71, -231,  282, -444,  683,-1024, 1515,-2260, 3518,-6223,18014,22884,-6746, 3693,-2333, 1542,-1025,  668, -421,  254, -184, -105,    9,
    7,  -70, -233,  283, -444,  681,-1020, 1508,-2248, 3496,-6173,17745,23123,-6749, 3688,-2328, 1538,-1021,  665, -418,  251, -181, -107,    9,
    7,  -68, -235,  283, -444,  679,-1016, 1501,-2234, 3472,-6122,17475,23361,-6750, 3682,-2322, 1533,-1016,  661, -415,  249, -178, -109,    9,
    7,  -67, -236,  283, -443,  677,-1011, 1492,-2220, 3447,-6069,17204,23596,-6749, 3674,-2315, 1527,-1012,  657, -411,  246, -175, -111,    9,
    7,  -65, -238,  284, -442,  674,-1006, 1484,-2206, 3422,-6014,16933,23830,-6744, 3665,-2307, 1521,-1006,  653, -408,  243, -172, -112,    9,
    6,  -64, -240,  284, -441,  672,-1001, 1474,-2190, 3395,-5957,16661,24061,-6737, 3654,-2298, 1514,-1001,  648, -404,  240, -169, -114,    9,
    6,  -62, -241,  283, -440,  669, -995, 1465,-2174, 3366,-5898,16388,24290,-6728, 3642,-2289, 1506, -995,  644, -400,  237, -166, -116,    9,
    6,  -60, -243,  283, -438,  665, -989, 1454,-2157, 3337,-5837,16115,24516,-6715, 3629,-2278, 1498, -988,  639, -396,  234, -162, -118,    9,
    6,  -59, -244,  283, -437,  662, -982, 1443,-2139, 3307,-5775,15842,24740,-6700, 3614,-2266, 1489, -982,  633, -392,  231, -159, -120,   10,
    6,  -57, -246,  283, -435,  658, -976, 1432,-2121, 3275,-5711,15567,24962,-6682, 3597,-2254, 1479, -974,  628, -388,  227, -156, -122,   10,
    6,  -56, -247,  282, -433,  654, -969, 1420,-2101, 3243,-5646,15293,25181,-6662, 3579,-2240, 1469, -967,  622, -384,  224, -152, -124,   10,
    6,  -55, -248,  282, -431,  650, -961, 1408,-2082, 3209,-5578,15018,25398,-6638, 3559,-2226, 1459, -959,  616, -379,  220, -149, -126,   10,
    6,  -53, -250,  281, -429,  646, -954, 1395,-2061, 3174,-5509,14743,25612,-6612, 3538,-2211, 1447, -950,  610, -374,  217, -145, -128,   10,
    5,  -52, -251,  280, -427,  641, -946, 1382,-2040, 3139,-5439,14468,25824,-6583, 3516,-2194, 1436, -942,  603, -369,  213, -142, -130,   10,
    5,  -50, -252,  279, -425,  637, -937, 1369,-2018, 3102,-5367,14192,26033,-6551, 3492,-2177, 1423, -932,  596, -364,  209, -138, -132,   10,
    5,  -49, -253,  278, -422,  632, -929, 1354,-1995, 3064,-5294,13916,26239,-6516, 3466,-2159, 1410, -923,  589, -359,  205, -134, -134,   10,
    5,  -48, -254,  277, -420,  626, -920, 1340,-1972, 3026,-5219,13641,26443,-6479, 3439,-2140, 1396, -913,  582, -353,  201, -131, -136,   10,
    5,  -46, -255,  276, -417,  621, -910, 1325,-1948, 2986,-5143,13365,26643,-6438, 3410,-2120, 1382, -902,  574, -348,  197, -127, -138,   10,
    5,  -45, -256,  275, -414,  615, -901, 1309,-1923, 2946,-5065,13090,26841,-6394, 3380,-2099, 1367, -891,  566, -342,  192, -123, -140,   10,
    5,  -44, -257,  274, -411,  610, -891, 1294,-1898, 2904,-4986,12814,27036,-6348, 3348,-2077, 1351, -880,  558, -336,  188, -119, -142,   10,
    5,  -42, -258,  272, -408,  604, -881, 1277,-1873, 2862,-4906,12539,27228,-6299, 3315,-2054, 1335, -869,  550, -330,  184, -115, -144,   10,
    5,  -41, -259,  271, -404,  597, -870, 1261,-1846, 2819,-4825,12264,27417,-6246, 3281,-2031, 1318, -857,  541, -324,  179, -111, -146,   10,
    5,  -40, -259,  269, -401,  591, -860, 1244,-1819, 2775,-4742,11989,27603,-6191, 3244,-2006, 1301, -844,  532, -317,  175, -108, -148,   10,
    4,  -38, -260,  267, -397,  585, -849, 1226,-1792, 2730,-4659,11715,27785,-6133, 3207,-1980, 1283, -831,  523, -311,  170, -104, -150,   10,
    4,  -37, -261,  266, -393,  578, -837, 1208,-1764, 2685,-4574,11441,27965,-6072, 3168,-1954, 1265, -818,  513, -304,  165, -100, -152,   10,
    4,  -36, -261,  264, -390,  571, -826, 1190,-1735, 2639,-4488,11168,28142,-6007, 3127,-1927, 1246, -805,  504, -297,  160,  -95, -154,   10,
    4,  -35, -262,  262, -386,  564, -814, 1172,-1706, 2592,-4401,10895,28315,-5940, 3085,-1899, 1226, -791,  494, -290,  155,  -91, -156,   10,
    4,  -34, -262,  260, -382,  556, -802, 1153,-1677, 2544,-4313,10623,28485,-5870, 3041,-1869, 1206, -777,  484, -283,  150,  -87, -158,   10,
    4,  -32, -262,  258, -377,  549, -790, 1133,-1647, 2496,-4224,10351,28652,-5796, 2996,-1839, 1185, -762,  473, -276,  145,  -83, -160,   10,
    4,  -31, -263,  255, -373,  541, -778, 1114,-1616, 2446,-4134,10080,28815,-5720, 2950,-1809, 1164, -747,  463, -268,  140,  -79, -162,   10,
    4,  -30, -263,  253, -369,  534, -765, 1094,-1585, 2397,-4043, 9810,28975,-5641, 2902,-1777, 1142, -732,  452, -261,  135,  -75, -164,   10,
    4,  -29, -263,  251, -364,  526, -752, 1074,-1554, 2346,-3952, 9541,29132,-5558, 2852,-1744, 1119, -716,  441, -253,  129,  -70, -166,   10,
    4,  -28, -263,  248, -359,  518, -739, 1053,-1522, 2295,-3859, 9272,29285,-5473, 2802,-1711, 1096, -700,  430, -245,  124,  -66, -168,   10,
    3,  -27, -264,  246, -355,  509, -725, 1032,-1490, 2244,-3766, 9004,29435,-5384, 2749,-1677, 1073, -683,  418, -237,  118,  -62, -170,   10,
    3,  -26, -264,  243, -350,  501, -712, 1011,-1457, 2192,-3673, 8738,29582,-5293, 2696,-1642, 1049, -667,  407, -229,  113,  -58, -172,   10,
    3,  -25, -264,  241, -345,  492, -698,  990,-1424, 2139,-3578, 8472,29724,-5198, 2641,-1606, 1024, -650,  395, -221,  107,  -53, -174,   10,
    3,  -24, -264,  238, -340,  484, -684,  968,-1391, 2086,-3483, 8208,29864,-5101, 2584,-1569,  999, -632,  383, -213,  101,  -49, -176,   10,
    3,  -23, -264,  235, -335,  475, -670,  946,-1357, 2032,-3387, 7944,29999,-5000, 2526,-1531,  974, -614,  370, -204,   96,  -44, -178,    9,
    3,  -22, -263,  232, -329,  466, -656,  924,-1323, 1978,-3291, 7682,30131,-4896, 2467,-1493,  948, -596,  358, -196,   90,  -40, -180,    9,
    3,  -21, -263,  229, -324,  457, -641,  901,-1288, 1923,-3194, 7421,30259,-4789, 2406,-1454,  921, -578,  345, -187,   84,  -35, -182,    9,
    3,  -20, -263,  226, -319,  448, -627,  879,-1253, 1868,-3097, 7161,30384,-4679, 2345,-1414,  894, -559,  332, -178,   78,  -31, -184,    9,
    3,  -19, -263,  223, -313,  439, -612,  856,-1218, 1813,-2999, 6903,30505,-4566, 2281,-1373,  866, -540,  319, -169,   72,  -27, -186,    9,
    3,  -18, -263,  220, -308,  429, -597,  833,-1183, 1757,-2901, 6646,30622,-4450, 2217,-1332,  838, -521,  306, -160,   66,  -22, -188,    9,
    3,  -17, -262,  217, -302,  420, -582,  809,-1147, 1701,-2802, 6390,30735,-4332, 2151,-1290,  810, -501,  292, -151,   60,  -18, -190,    9,
    2,  -16, -262,  213, -296,  410, -566,  786,-1111, 1644,-2703, 6136,30845,-4209, 2084,-1247,  781, -481,  279, -142,   53,  -13, -192,    9,
    2,  -16, -261,  210, -290,  400, -551,  762,-1075, 1587,-2604, 5883,30951,-4084, 2015,-1203,  751, -461,  265, -132,   47,   -8, -194,    8,
    2,  -15, -261,  207, -284,  391, -535,  738,-1039, 1530,-2505, 5632,31052,-3956, 1946,-1159,  722, -441,  251, -123,   41,   -4, -196,    8,
    2,  -14, -260,  203, -278,  381, -520,  714,-1002, 1473,-2405, 5383,31150,-3825, 1875,-1114,  691, -420,  237, -113,   34,    1, -198,    8,
    2,  -13, -260,  200, -272,  371, -504,  690, -965, 1415,-2306, 5135,31244,-3691, 1803,-1068,  661, -399,  222, -104,   28,    5, -199,    8,
    2,  -12, -259,  196, -266,  361, -488,  666, -928, 1357,-2206, 4889,31335,-3554, 1729,-1022,  630, -378,  208,  -94,   22,   10, -201,    8,
    2,  -12, -259,  192, -260,  350, -472,  641, -891, 1299,-2106, 4644,31421,-3414, 1655, -975,  598, -356,  193,  -84,   15,   15, -203,    8,
    2,  -11, -258,  189, -254,  340, -456,  617, -854, 1241,-2006, 4402,31503,-3271, 1579, -927,  566, -335,  178,  -74,    8,   19, -205,    7,
    2,  -10, -257,  185, -248,  330, -440,  592, -816, 1183,-1906, 4161,31581,-3125, 1502, -879,  534, -313,  163,  -64,    2,   24, -207,    7,
    2,   -9, -256,  181, -241,  319, -424,  567, -779, 1125,-1806, 3922,31655,-2976, 1425, -830,  501, -290,  148,  -54,   -5,   28, -209,    7,
    2,   -9, -255,  177, -235,  309, -407,  542, -741, 1066,-1706, 3685,31726,-2824, 1346, -781,  468, -268,  133,  -44,  -11,   33, -210,    7,
    2,   -8, -255,  173, -228,  299, -391,  517, -703, 1007,-1606, 3450,31792,-2670, 1265, -731,  435, -245,  118,  -34,  -18,   38, -212,    6,
    2,   -7, -254,  170, -222,  288, -374,  492, -666,  949,-1506, 3217,31854,-2512, 1184, -680,  401, -223,  102,  -23,  -25,   42, -214,    6,
    2,   -7, -253,  166, -215,  277, -358,  467, -628,  890,-1406, 2986,31912,-2352, 1102, -629,  367, -199,   87,  -13,  -32,   47, -216,    6,
    1,   -6, -252,  162, -209,  267, -341,  442, -590,  831,-1307, 2757,31966,-2188, 1019, -577,  333, -176,   71,   -2,  -38,   51, -217,    6,
    1,   -5, -251,  158, -202,  256, -325,  417, -552,  773,-1208, 2530,32015,-2022,  935, -525,  298, -153,   55,    8,  -45,   56, -219,    5,
    1,   -5, -250,  153, -196,  245, -308,  392, -514,  714,-1109, 2306,32061,-1853,  850, -473,  264, -129,   39,   19,  -52,   61, -221,    5,
    1,   -4, -249,  149, -189,  235, -291,  366, -476,  655,-1010, 2083,32103,-1681,  764, -420,  228, -105,   23,   29,  -59,   65, -222,    5,
    1,   -3, -248,  145, -182,  224, -275,  341, -438,  597, -912, 1863,32140,-1507,  677, -366,  193,  -82,    7,   40,  -66,   70, -224,    4,
    1,   -3, -246,  141, -175,  213, -258,  316, -400,  538, -814, 1645,32174,-1329,  589, -312,  157,  -57,   -9,   50,  -72,   74, -226,    4,
    1,   -2, -245,  137, -169,  202, -241,  290, -362,  480, -716, 1430,32203,-1149,  501, -257,  121,  -33,  -25,   61,  -79,   79, -227,    4,
    1,   -2, -244,  132, -162,  191, -224,  265, -324,  422, -619, 1216,32228, -966,  411, -203,   85,   -9,  -42,   72,  -86,   84, -229,    3,
    1,   -1, -243,  128, -155,  180, -208,  240, -286,  364, -523, 1006,32249, -781,  321, -147,   49,   16,  -58,   83,  -93,   88, -230,    3,
    1,   -1, -242,  124, -148,  170, -191,  215, -248,  306, -427,  797,32265, -593,  230,  -92,   12,   40,  -74,   93, -100,   93, -232,    2,
    1,    0, -240,  119, -141,  159, -174,  190, -211,  248, -331,  591,32278, -402,  138,  -36,  -25,   65,  -91,  104, -107,   97, -233,    2,
    1,    0, -239,  115, -135,  148, -157,  165, -173,  191, -236,  387,32286, -208,   46,   20,  -61,   90, -107,  115, -114,  102, -235,    2,
    9,    1, -238,  111, -128,  137, -141,  139, -136,  134, -141,  186,32290,  -12,  -48,   77,  -99,  115, -124,  126, -121,  106, -236,    1,
