//single phase coef Number:=16,    upsample factor:=160,     downsample factor:=147
  -157, -171,  918,-1283, 2163,-2674, 3192,29011, 3379,-2746, 2192,-1291,  916, -166, -159,   -9,
 -155, -176,  919,-1274, 2133,-2602, 3008,29008, 3566,-2818, 2220,-1299,  914, -160, -161,   -1,
 -153, -182,  920,-1265, 2104,-2530, 2824,29002, 3756,-2889, 2248,-1307,  912, -154, -164,   -1,
 -150, -187,  921,-1255, 2074,-2457, 2642,28992, 3946,-2960, 2275,-1314,  910, -149, -166,   -1,
 -148, -192,  922,-1246, 2043,-2384, 2462,28980, 4138,-3030, 2302,-1321,  907, -143, -168,   -2,
 -146, -197,  923,-1235, 2012,-2311, 2284,28965, 4332,-3100, 2329,-1328,  904, -137, -171,   -2,
 -144, -202,  923,-1225, 1981,-2238, 2107,28946, 4527,-3170, 2355,-1334,  901, -131, -173,   -2,
 -142, -207,  923,-1214, 1949,-2165, 1931,28925, 4723,-3239, 2380,-1340,  898, -125, -175,   -2,
 -140, -211,  923,-1203, 1917,-2092, 1758,28900, 4920,-3308, 2405,-1345,  894, -119, -177,   -2,
 -137, -216,  923,-1191, 1885,-2018, 1586,28873, 5118,-3376, 2429,-1350,  890, -112, -180,   -2,
 -135, -220,  922,-1180, 1852,-1945, 1415,28842, 5318,-3444, 2453,-1354,  886, -106, -182,   -2,
 -133, -225,  921,-1167, 1819,-1871, 1247,28809, 5519,-3511, 2476,-1359,  882,  -99, -184,   -2,
 -131, -229,  920,-1155, 1786,-1798, 1080,28772, 5721,-3578, 2499,-1362,  877,  -93, -187,   -3,
 -129, -233,  919,-1142, 1752,-1724,  915,28733, 5925,-3644, 2521,-1366,  873,  -86, -189,   -3,
 -127, -237,  918,-1129, 1718,-1651,  752,28690, 6129,-3710, 2542,-1368,  868,  -80, -191,   -3,
 -125, -241,  916,-1116, 1684,-1577,  590,28644, 6334,-3774, 2563,-1371,  862,  -73, -194,   -3,
 -123, -245,  914,-1103, 1650,-1504,  431,28596, 6541,-3839, 2583,-1373,  857,  -66, -196,   -3,
 -121, -249,  912,-1089, 1615,-1431,  273,28544, 6748,-3902, 2603,-1374,  851,  -59, -198,   -3,
 -119, -253,  910,-1075, 1580,-1357,  117,28489, 6957,-3965, 2622,-1376,  845,  -52, -201,   -3,
 -117, -257,  908,-1060, 1545,-1284,  -37,28432, 7166,-4027, 2640,-1376,  839,  -44, -203,   -4,
 -115, -260,  905,-1046, 1510,-1211, -189,28371, 7377,-4088, 2658,-1376,  832,  -37, -205,   -4,
 -113, -264,  902,-1031, 1474,-1139, -340,28308, 7588,-4148, 2675,-1376,  826,  -30, -208,   -4,
 -111, -267,  899,-1016, 1439,-1066, -488,28242, 7800,-4208, 2691,-1376,  819,  -22, -210,   -4,
 -109, -270,  896,-1001, 1403, -994, -634,28172, 8013,-4267, 2706,-1374,  811,  -15, -213,   -4,
 -107, -273,  893, -985, 1367, -922, -779,28100, 8226,-4325, 2721,-1373,  804,   -7, -215,   -5,
 -106, -276,  889, -969, 1331, -850, -921,28025, 8440,-4382, 2735,-1371,  796,    0, -217,   -5,
 -104, -279,  886, -953, 1294, -779,-1061,27947, 8655,-4438, 2749,-1368,  788,    8, -220,   -5,
 -102, -282,  882, -937, 1258, -707,-1200,27866, 8871,-4493, 2761,-1365,  780,   16, -222,   -5,
 -100, -285,  878, -921, 1221, -636,-1336,27783, 9088,-4548, 2773,-1362,  772,   24, -224,   -6,
  -98, -288,  873, -904, 1185, -566,-1471,27696, 9304,-4601, 2784,-1358,  763,   32, -227,   -6,
  -97, -290,  869, -887, 1148, -496,-1603,27607, 9522,-4653, 2795,-1354,  754,   40, -229,   -6,
  -95, -293,  864, -870, 1112, -426,-1733,27515, 9740,-4704, 2804,-1349,  745,   48, -231,   -6,
  -93, -295,  859, -853, 1075, -356,-1861,27420, 9959,-4754, 2813,-1343,  735,   56, -234,   -7,
  -91, -298,  855, -836, 1038, -287,-1988,27323,10177,-4803, 2821,-1338,  726,   64, -236,   -7,
  -90, -300,  849, -818, 1001, -219,-2112,27222,10397,-4851, 2828,-1331,  716,   73, -238,   -7,
  -88, -302,  844, -801,  964, -150,-2234,27119,10617,-4898, 2834,-1324,  706,   81, -240,   -7,
  -86, -304,  839, -783,  927,  -83,-2354,27014,10837,-4944, 2840,-1317,  695,   90, -243,   -8,
  -85, -306,  833, -765,  890,  -16,-2471,26905,11057,-4988, 2845,-1309,  685,   98, -245,   -8,
  -83, -308,  828, -747,  853,   51,-2587,26794,11278,-5032, 2849,-1301,  674,  107, -247,   -8,
  -81, -310,  822, -729,  816,  117,-2700,26681,11499,-5074, 2852,-1292,  663,  115, -250,   -9,
  -80, -312,  816, -711,  780,  183,-2812,26564,11720,-5114, 2854,-1283,  651,  124, -252,   -9,
  -78, -313,  810, -692,  743,  248,-2921,26445,11941,-5154, 2855,-1273,  640,  133, -254,   -9,
  -77, -315,  803, -674,  706,  313,-3028,26324,12163,-5192, 2856,-1263,  628,  142, -256,  -10,
  -75, -316,  797, -655,  669,  377,-3133,26200,12384,-5229, 2856,-1252,  616,  150, -258,  -10,
  -74, -318,  790, -636,  633,  440,-3236,26074,12606,-5265, 2854,-1241,  604,  159, -261,  -11,
  -72, -319,  784, -617,  596,  503,-3337,25945,12827,-5299, 2852,-1230,  592,  168, -263,  -11,
  -71, -320,  777, -598,  560,  565,-3435,25813,13049,-5332, 2849,-1217,  579,  177, -265,  -11,
  -69, -321,  770, -579,  524,  627,-3531,25679,13270,-5363, 2845,-1205,  566,  186, -267,  -12,
  -68, -322,  763, -560,  487,  688,-3626,25543,13492,-5393, 2841,-1192,  553,  196, -269,  -12,
  -66, -323,  756, -541,  451,  748,-3718,25405,13713,-5421, 2835,-1178,  540,  205, -271,  -13,
  -65, -324,  748, -522,  415,  808,-3807,25264,13934,-5448, 2828,-1164,  526,  214, -273,  -13,
  -64, -325,  741, -503,  380,  867,-3895,25120,14155,-5474, 2821,-1149,  512,  223, -275,  -13,
  -62, -326,  733, -483,  344,  925,-3980,24975,14375,-5498, 2812,-1134,  499,  233, -277,  -14,
  -61, -327,  726, -464,  309,  982,-4064,24827,14595,-5520, 2803,-1119,  484,  242, -279,  -14,
  -60, -327,  718, -444,  273, 1039,-4145,24677,14815,-5541, 2793,-1103,  470,  251, -281,  -15,
  -58, -328,  710, -425,  238, 1095,-4224,24524,15035,-5561, 2782,-1086,  455,  261, -283,  -15,
  -57, -328,  702, -406,  203, 1151,-4300,24370,15254,-5578, 2769,-1069,  441,  270, -285,  -16,
  -56, -329,  694, -386,  169, 1205,-4375,24213,15472,-5594, 2756,-1051,  426,  279, -287,  -16,
  -54, -329,  686, -367,  134, 1259,-4447,24054,15690,-5609, 2742,-1034,  411,  289, -289,  -17,
  -53, -329,  678, -347,  100, 1312,-4518,23893,15908,-5622, 2727,-1015,  395,  298, -291,  -18,
  -52, -329,  670, -328,   66, 1364,-4586,23730,16125,-5633, 2712, -996,  380,  308, -293,  -18,
  -51, -329,  661, -308,   32, 1416,-4652,23565,16341,-5642, 2695, -977,  364,  317, -294,  -19,
  -50, -330,  653, -288,   -1, 1466,-4715,23398,16557,-5650, 2677, -957,  348,  327, -296,  -19,
  -49, -330,  644, -269,  -34, 1516,-4777,23229,16772,-5656, 2658, -937,  332,  337, -298,  -20,
  -47, -329,  636, -250,  -67, 1565,-4836,23058,16986,-5660, 2639, -916,  316,  346, -300,  -21,
  -46, -329,  627, -230, -100, 1613,-4894,22885,17200,-5662, 2618, -895,  300,  356, -301,  -21,
  -45, -329,  618, -211, -132, 1660,-4949,22710,17413,-5663, 2596, -873,  283,  365, -303,  -22,
  -44, -329,  609, -191, -164, 1707,-5002,22534,17625,-5662, 2574, -851,  267,  375, -304,  -22,
  -43, -328,  600, -172, -196, 1752,-5053,22355,17835,-5659, 2551, -828,  250,  385, -306,  -23,
  -42, -328,  591, -153, -228, 1797,-5102,22175,18046,-5654, 2526, -805,  233,  394, -307,  -24,
  -41, -328,  582, -133, -259, 1841,-5148,21993,18255,-5647, 2501, -782,  216,  404, -309,  -25,
  -40, -327,  573, -114, -290, 1884,-5193,21810,18463,-5639, 2474, -758,  198,  413, -310,  -25,
  -39, -327,  564,  -95, -320, 1926,-5235,21625,18670,-5628, 2447, -733,  181,  423, -312,  -26,
  -38, -326,  555,  -76, -350, 1967,-5276,21438,18876,-5616, 2419, -709,  163,  433, -313,  -27,
  -37, -325,  546,  -57, -380, 2007,-5314,21249,19081,-5602, 2390, -683,  145,  442, -314,  -28,
  -36, -324,  537,  -38, -410, 2047,-5350,21059,19284,-5585, 2360, -658,  128,  452, -315,  -28,
  -35, -324,  527,  -19, -439, 2085,-5384,20867,19487,-5567, 2329, -632,  110,  461, -317,  -29,
  -34, -323,  518,   -1, -467, 2123,-5417,20674,19688,-5547, 2297, -605,   92,  471, -318,  -30,
  -33, -322,  509,   18, -496, 2159,-5447,20480,19888,-5525, 2264, -579,   73,  480, -319,  -31,
  -32, -321,  499,   37, -524, 2195,-5475,20284,20087,-5501, 2230, -551,   55,  490, -320,  -32,
  -32, -320,  490,   55, -551, 2230,-5501,20087,20284,-5475, 2195, -524,   37,  499, -321,  -32,
  -31, -319,  480,   73, -579, 2264,-5525,19888,20480,-5447, 2159, -496,   18,  509, -322,  -33,
  -30, -318,  471,   92, -605, 2297,-5547,19688,20674,-5417, 2123, -467,   -1,  518, -323,  -34,
  -29, -317,  461,  110, -632, 2329,-5567,19487,20867,-5384, 2085, -439,  -19,  527, -324,  -35,
  -28, -315,  452,  128, -658, 2360,-5585,19284,21059,-5350, 2047, -410,  -38,  537, -324,  -36,
  -28, -314,  442,  145, -683, 2390,-5602,19081,21249,-5314, 2007, -380,  -57,  546, -325,  -37,
  -27, -313,  433,  163, -709, 2419,-5616,18876,21438,-5276, 1967, -350,  -76,  555, -326,  -38,
  -26, -312,  423,  181, -733, 2447,-5628,18670,21625,-5235, 1926, -320,  -95,  564, -327,  -39,
  -25, -310,  413,  198, -758, 2474,-5639,18463,21810,-5193, 1884, -290, -114,  573, -327,  -40,
  -25, -309,  404,  216, -782, 2501,-5647,18255,21993,-5148, 1841, -259, -133,  582, -328,  -41,
  -24, -307,  394,  233, -805, 2526,-5654,18046,22175,-5102, 1797, -228, -153,  591, -328,  -42,
  -23, -306,  385,  250, -828, 2551,-5659,17835,22355,-5053, 1752, -196, -172,  600, -328,  -43,
  -22, -304,  375,  267, -851, 2574,-5662,17625,22534,-5002, 1707, -164, -191,  609, -329,  -44,
  -22, -303,  365,  283, -873, 2596,-5663,17413,22710,-4949, 1660, -132, -211,  618, -329,  -45,
  -21, -301,  356,  300, -895, 2618,-5662,17200,22885,-4894, 1613, -100, -230,  627, -329,  -46,
  -21, -300,  346,  316, -916, 2639,-5660,16986,23058,-4836, 1565,  -67, -250,  636, -329,  -47,
  -20, -298,  337,  332, -937, 2658,-5656,16772,23229,-4777, 1516,  -34, -269,  644, -330,  -49,
  -19, -296,  327,  348, -957, 2677,-5650,16557,23398,-4715, 1466,   -1, -288,  653, -330,  -50,
  -19, -294,  317,  364, -977, 2695,-5642,16341,23565,-4652, 1416,   32, -308,  661, -329,  -51,
  -18, -293,  308,  380, -996, 2712,-5633,16125,23730,-4586, 1364,   66, -328,  670, -329,  -52,
  -18, -291,  298,  395,-1015, 2727,-5622,15908,23893,-4518, 1312,  100, -347,  678, -329,  -53,
  -17, -289,  289,  411,-1034, 2742,-5609,15690,24054,-4447, 1259,  134, -367,  686, -329,  -54,
  -16, -287,  279,  426,-1051, 2756,-5594,15472,24213,-4375, 1205,  169, -386,  694, -329,  -56,
  -16, -285,  270,  441,-1069, 2769,-5578,15254,24370,-4300, 1151,  203, -406,  702, -328,  -57,
  -15, -283,  261,  455,-1086, 2782,-5561,15035,24524,-4224, 1095,  238, -425,  710, -328,  -58,
  -15, -281,  251,  470,-1103, 2793,-5541,14815,24677,-4145, 1039,  273, -444,  718, -327,  -60,
  -14, -279,  242,  484,-1119, 2803,-5520,14595,24827,-4064,  982,  309, -464,  726, -327,  -61,
  -14, -277,  233,  499,-1134, 2812,-5498,14375,24975,-3980,  925,  344, -483,  733, -326,  -62,
  -13, -275,  223,  512,-1149, 2821,-5474,14155,25120,-3895,  867,  380, -503,  741, -325,  -64,
  -13, -273,  214,  526,-1164, 2828,-5448,13934,25264,-3807,  808,  415, -522,  748, -324,  -65,
  -13, -271,  205,  540,-1178, 2835,-5421,13713,25405,-3718,  748,  451, -541,  756, -323,  -66,
  -12, -269,  196,  553,-1192, 2841,-5393,13492,25543,-3626,  688,  487, -560,  763, -322,  -68,
  -12, -267,  186,  566,-1205, 2845,-5363,13270,25679,-3531,  627,  524, -579,  770, -321,  -69,
  -11, -265,  177,  579,-1217, 2849,-5332,13049,25813,-3435,  565,  560, -598,  777, -320,  -71,
  -11, -263,  168,  592,-1230, 2852,-5299,12827,25945,-3337,  503,  596, -617,  784, -319,  -72,
  -11, -261,  159,  604,-1241, 2854,-5265,12606,26074,-3236,  440,  633, -636,  790, -318,  -74,
  -10, -258,  150,  616,-1252, 2856,-5229,12384,26200,-3133,  377,  669, -655,  797, -316,  -75,
  -10, -256,  142,  628,-1263, 2856,-5192,12163,26324,-3028,  313,  706, -674,  803, -315,  -77,
   -9, -254,  133,  640,-1273, 2855,-5154,11941,26445,-2921,  248,  743, -692,  810, -313,  -78,
   -9, -252,  124,  651,-1283, 2854,-5114,11720,26564,-2812,  183,  780, -711,  816, -312,  -80,
   -9, -250,  115,  663,-1292, 2852,-5074,11499,26681,-2700,  117,  816, -729,  822, -310,  -81,
   -8, -247,  107,  674,-1301, 2849,-5032,11278,26794,-2587,   51,  853, -747,  828, -308,  -83,
   -8, -245,   98,  685,-1309, 2845,-4988,11057,26905,-2471,  -16,  890, -765,  833, -306,  -85,
   -8, -243,   90,  695,-1317, 2840,-4944,10837,27014,-2354,  -83,  927, -783,  839, -304,  -86,
   -7, -240,   81,  706,-1324, 2834,-4898,10617,27119,-2234, -150,  964, -801,  844, -302,  -88,
   -7, -238,   73,  716,-1331, 2828,-4851,10397,27222,-2112, -219, 1001, -818,  849, -300,  -90,
   -7, -236,   64,  726,-1338, 2821,-4803,10177,27323,-1988, -287, 1038, -836,  855, -298,  -91,
   -7, -234,   56,  735,-1343, 2813,-4754, 9959,27420,-1861, -356, 1075, -853,  859, -295,  -93,
   -6, -231,   48,  745,-1349, 2804,-4704, 9740,27515,-1733, -426, 1112, -870,  864, -293,  -95,
   -6, -229,   40,  754,-1354, 2795,-4653, 9522,27607,-1603, -496, 1148, -887,  869, -290,  -97,
   -6, -227,   32,  763,-1358, 2784,-4601, 9304,27696,-1471, -566, 1185, -904,  873, -288,  -98,
   -6, -224,   24,  772,-1362, 2773,-4548, 9088,27783,-1336, -636, 1221, -921,  878, -285, -100,
   -5, -222,   16,  780,-1365, 2761,-4493, 8871,27866,-1200, -707, 1258, -937,  882, -282, -102,
   -5, -220,    8,  788,-1368, 2749,-4438, 8655,27947,-1061, -779, 1294, -953,  886, -279, -104,
   -5, -217,    0,  796,-1371, 2735,-4382, 8440,28025, -921, -850, 1331, -969,  889, -276, -106,
   -5, -215,   -7,  804,-1373, 2721,-4325, 8226,28100, -779, -922, 1367, -985,  893, -273, -107,
   -4, -213,  -15,  811,-1374, 2706,-4267, 8013,28172, -634, -994, 1403,-1001,  896, -270, -109,
   -4, -210,  -22,  819,-1376, 2691,-4208, 7800,28242, -488,-1066, 1439,-1016,  899, -267, -111,
   -4, -208,  -30,  826,-1376, 2675,-4148, 7588,28308, -340,-1139, 1474,-1031,  902, -264, -113,
   -4, -205,  -37,  832,-1376, 2658,-4088, 7377,28371, -189,-1211, 1510,-1046,  905, -260, -115,
   -4, -203,  -44,  839,-1376, 2640,-4027, 7166,28432,  -37,-1284, 1545,-1060,  908, -257, -117,
   -3, -201,  -52,  845,-1376, 2622,-3965, 6957,28489,  117,-1357, 1580,-1075,  910, -253, -119,
   -3, -198,  -59,  851,-1374, 2603,-3902, 6748,28544,  273,-1431, 1615,-1089,  912, -249, -121,
   -3, -196,  -66,  857,-1373, 2583,-3839, 6541,28596,  431,-1504, 1650,-1103,  914, -245, -123,
   -3, -194,  -73,  862,-1371, 2563,-3774, 6334,28644,  590,-1577, 1684,-1116,  916, -241, -125,
   -3, -191,  -80,  868,-1368, 2542,-3710, 6129,28690,  752,-1651, 1718,-1129,  918, -237, -127,
   -3, -189,  -86,  873,-1366, 2521,-3644, 5925,28733,  915,-1724, 1752,-1142,  919, -233, -129,
   -3, -187,  -93,  877,-1362, 2499,-3578, 5721,28772, 1080,-1798, 1786,-1155,  920, -229, -131,
   -2, -184,  -99,  882,-1359, 2476,-3511, 5519,28809, 1247,-1871, 1819,-1167,  921, -225, -133,
   -2, -182, -106,  886,-1354, 2453,-3444, 5318,28842, 1415,-1945, 1852,-1180,  922, -220, -135,
   -2, -180, -112,  890,-1350, 2429,-3376, 5118,28873, 1586,-2018, 1885,-1191,  923, -216, -137,
   -2, -177, -119,  894,-1345, 2405,-3308, 4920,28900, 1758,-2092, 1917,-1203,  923, -211, -140,
   -2, -175, -125,  898,-1340, 2380,-3239, 4723,28925, 1931,-2165, 1949,-1214,  923, -207, -142,
   -2, -173, -131,  901,-1334, 2355,-3170, 4527,28946, 2107,-2238, 1981,-1225,  923, -202, -144,
   -2, -171, -137,  904,-1328, 2329,-3100, 4332,28965, 2284,-2311, 2012,-1235,  923, -197, -146,
   -2, -168, -143,  907,-1321, 2302,-3030, 4138,28980, 2462,-2384, 2043,-1246,  922, -192, -148,
   -1, -166, -149,  910,-1314, 2275,-2960, 3946,28992, 2642,-2457, 2074,-1255,  921, -187, -150,
   -1, -164, -154,  912,-1307, 2248,-2889, 3756,29002, 2824,-2530, 2104,-1265,  920, -182, -153,
   -1, -161, -160,  914,-1299, 2220,-2818, 3566,29008, 3008,-2602, 2133,-1274,  919, -176, -155,
   -9, -159, -166,  916,-1291, 2192,-2746, 3379,29011, 3192,-2674, 2163,-1283,  918, -171, -157,
