//single phase coef Number:=28,    upsample factor:=160,     downsample factor:=147
   -34, -220,  134, -144,  166, -188,  207, -222,  232, -238,  236, -224,  175,32098,  375, -320,  296, -278,  261, -242,  221, -198,  173, -149,  136, -220,  -35,    8,
  -33, -220,  131, -140,  160, -178,  193, -202,  204, -197,  177, -129,  -22,32094,  577, -416,  356, -319,  289, -262,  235, -208,  180, -153,  139, -220,  -36,    1,
  -32, -219,  128, -136,  153, -169,  179, -182,  176, -157,  118,  -34, -216,32086,  781, -513,  416, -359,  318, -283,  250, -218,  186, -157,  142, -220,  -36,    1,
  -32, -219,  125, -131,  147, -159,  165, -162,  147, -117,   59,   60, -409,32074,  988, -610,  476, -400,  346, -303,  264, -227,  192, -161,  144, -221,  -37,    1,
  -31, -219,  123, -127,  140, -149,  150, -141,  119,  -77,    1,  153, -598,32058, 1197, -708,  536, -441,  375, -323,  278, -237,  199, -165,  147, -221,  -38,    1,
  -30, -218,  120, -123,  133, -139,  136, -121,   91,  -37,  -58,  246, -785,32037, 1409, -806,  596, -482,  403, -343,  292, -246,  205, -169,  149, -221,  -39,    1,
  -29, -218,  117, -118,  127, -129,  122, -101,   63,    3, -116,  338, -969,32013, 1623, -905,  657, -522,  432, -363,  306, -256,  212, -173,  152, -221,  -40,    1,
  -29, -217,  114, -114,  120, -119,  108,  -81,   35,   42, -173,  429,-1151,31984, 1839,-1003,  717, -563,  460, -383,  320, -265,  218, -177,  154, -221,  -41,    1,
  -28, -217,  111, -109,  113, -109,   94,  -61,    7,   82, -231,  519,-1330,31951, 2057,-1103,  778, -604,  489, -403,  334, -275,  224, -181,  156, -221,  -42,    1,
  -27, -216,  108, -105,  107, -100,   79,  -41,  -21,  121, -287,  609,-1506,31915, 2277,-1202,  838, -644,  517, -423,  347, -284,  230, -185,  159, -221,  -43,    1,
  -26, -216,  105, -100,  100,  -90,   65,  -22,  -49,  160, -344,  697,-1680,31874, 2500,-1302,  899, -685,  545, -442,  361, -294,  236, -189,  161, -220,  -44,    1,
  -26, -215,  102,  -96,   93,  -80,   51,   -2,  -76,  198, -400,  785,-1851,31829, 2725,-1402,  959, -725,  573, -462,  375, -303,  242, -193,  163, -220,  -44,    1,
  -25, -215,   99,  -91,   86,  -70,   37,   18, -104,  237, -456,  872,-2019,31780, 2951,-1502, 1020, -766,  601, -482,  388, -312,  248, -197,  165, -220,  -45,    1,
  -24, -214,   96,  -87,   80,  -60,   23,   37, -131,  275, -511,  958,-2185,31728, 3180,-1602, 1080, -806,  629, -501,  402, -321,  254, -200,  167, -220,  -46,    1,
  -24, -213,   93,  -82,   73,  -50,    9,   57, -158,  313, -565, 1043,-2347,31671, 3411,-1703, 1141, -846,  657, -521,  415, -330,  260, -204,  170, -220,  -47,    1,
  -23, -213,   89,  -78,   66,  -41,   -5,   76, -185,  351, -620, 1127,-2507,31610, 3644,-1803, 1201, -886,  685, -540,  428, -339,  266, -207,  172, -219,  -48,    1,
  -22, -212,   86,  -73,   59,  -31,  -18,   95, -211,  388, -673, 1210,-2664,31545, 3878,-1904, 1261, -926,  712, -559,  442, -348,  272, -211,  174, -219,  -49,    1,
  -22, -211,   83,  -68,   53,  -21,  -32,  115, -238,  425, -726, 1293,-2818,31477, 4115,-2004, 1321, -966,  740, -578,  455, -357,  277, -214,  175, -219,  -50,    1,
  -21, -211,   80,  -64,   46,  -12,  -46,  134, -264,  461, -779, 1374,-2970,31404, 4353,-2105, 1381,-1005,  767, -597,  468, -365,  283, -218,  177, -218,  -51,    1,
  -21, -210,   77,  -59,   39,   -2,  -59,  152, -290,  498, -831, 1454,-3118,31327, 4593,-2205, 1440,-1045,  794, -616,  481, -374,  288, -221,  179, -218,  -52,    1,
  -20, -209,   73,  -55,   33,    8,  -73,  171, -316,  534, -882, 1533,-3264,31247, 4835,-2305, 1499,-1084,  821, -634,  493, -382,  294, -224,  181, -217,  -54,    1,
  -19, -208,   70,  -50,   26,   17,  -86,  190, -342,  569, -933, 1610,-3406,31162, 5079,-2406, 1559,-1123,  847, -653,  506, -391,  299, -228,  183, -217,  -55,    1,
  -19, -207,   67,  -46,   19,   27, -100,  208, -367,  605, -984, 1687,-3546,31074, 5324,-2506, 1617,-1161,  874, -671,  518, -399,  304, -231,  184, -216,  -56,    1,
  -18, -206,   64,  -41,   13,   36, -113,  227, -393,  640,-1033, 1763,-3683,30982, 5571,-2605, 1676,-1200,  900, -689,  531, -407,  310, -234,  186, -216,  -57,    1,
  -18, -205,   60,  -36,    6,   46, -126,  245, -417,  674,-1082, 1837,-3817,30886, 5819,-2705, 1734,-1238,  926, -707,  543, -415,  315, -237,  187, -215,  -58,    1,
  -17, -205,   57,  -32,    0,   55, -139,  263, -442,  708,-1130, 1910,-3948,30786, 6069,-2804, 1792,-1276,  952, -725,  555, -423,  320, -240,  189, -214,  -59,    1,
  -17, -204,   54,  -27,   -7,   64, -152,  281, -467,  742,-1178, 1982,-4076,30683, 6321,-2903, 1849,-1313,  977, -742,  567, -431,  324, -243,  190, -214,  -60,    1,
  -16, -203,   50,  -23,  -13,   73, -165,  298, -491,  775,-1225, 2053,-4201,30575, 6574,-3001, 1906,-1350, 1003, -759,  578, -439,  329, -245,  192, -213,  -61,    1,
  -16, -202,   47,  -18,  -20,   82, -177,  316, -514,  808,-1271, 2123,-4323,30464, 6828,-3099, 1963,-1387, 1027, -777,  590, -446,  334, -248,  193, -212,  -62,    1,
  -15, -201,   44,  -14,  -26,   92, -190,  333, -538,  840,-1317, 2191,-4442,30349, 7083,-3197, 2019,-1423, 1052, -793,  601, -454,  339, -251,  194, -211,  -64,    1,
  -15, -200,   40,   -9,  -33,  100, -202,  350, -561,  872,-1362, 2258,-4558,30231, 7340,-3294, 2074,-1460, 1077, -810,  613, -461,  343, -253,  195, -210,  -65,    1,
  -14, -199,   37,   -5,  -39,  109, -215,  367, -584,  903,-1406, 2324,-4671,30109, 7598,-3391, 2130,-1495, 1101, -826,  624, -468,  347, -256,  196, -210,  -66,    1,
  -14, -198,   33,    0,  -45,  118, -227,  383, -607,  934,-1449, 2388,-4782,29983, 7858,-3487, 2184,-1530, 1124, -843,  634, -475,  352, -258,  197, -209,  -67,    1,
  -13, -196,   30,    4,  -52,  127, -239,  400, -629,  965,-1492, 2452,-4889,29854, 8118,-3582, 2238,-1565, 1148, -859,  645, -482,  356, -260,  198, -208,  -68,    1,
  -13, -195,   27,    9,  -58,  136, -251,  416, -651,  995,-1534, 2513,-4993,29721, 8380,-3677, 2292,-1600, 1171, -874,  655, -489,  360, -263,  199, -207,  -69,    1,
  -12, -194,   23,   13,  -64,  144, -263,  432, -673, 1024,-1575, 2574,-5094,29585, 8642,-3771, 2345,-1634, 1194, -890,  666, -495,  364, -265,  200, -206,  -71,    1,
  -12, -193,   20,   18,  -70,  153, -274,  448, -694, 1053,-1615, 2633,-5192,29445, 8906,-3864, 2397,-1667, 1216, -905,  676, -502,  368, -267,  201, -204,  -72,    1,
  -12, -192,   16,   22,  -76,  161, -286,  463, -715, 1081,-1654, 2691,-5287,29301, 9171,-3957, 2449,-1700, 1238, -920,  686, -508,  372, -269,  202, -203,  -73,    1,
  -11, -191,   13,   26,  -82,  169, -297,  479, -735, 1109,-1693, 2747,-5379,29154, 9436,-4049, 2500,-1733, 1260, -934,  695, -514,  375, -271,  202, -202,  -74,    1,
  -11, -190,   10,   31,  -88,  178, -308,  494, -755, 1136,-1730, 2802,-5468,29004, 9702,-4140, 2551,-1765, 1281, -948,  705, -520,  379, -273,  203, -201,  -76,    1,
  -10, -188,    6,   35,  -94,  186, -319,  508, -775, 1163,-1767, 2855,-5554,28850, 9969,-4230, 2600,-1796, 1302, -962,  714, -526,  382, -274,  204, -200,  -77,    1,
  -10, -187,    3,   39, -100,  194, -330,  523, -795, 1189,-1803, 2907,-5637,28693,10237,-4319, 2649,-1827, 1323, -976,  723, -531,  385, -276,  204, -198,  -78,    1,
  -10, -186,   -1,   43, -106,  202, -341,  537, -814, 1215,-1838, 2958,-5718,28533,10506,-4407, 2698,-1858, 1343, -990,  731, -537,  388, -277,  204, -197,  -79,    1,
   -9, -185,   -4,   48, -111,  209, -351,  551, -832, 1240,-1873, 3007,-5795,28369,10775,-4494, 2745,-1888, 1363,-1003,  740, -542,  391, -279,  205, -196,  -81,    1,
   -9, -183,   -7,   52, -117,  217, -362,  565, -851, 1264,-1906, 3055,-5869,28203,11044,-4580, 2792,-1917, 1382,-1015,  748, -547,  394, -280,  205, -194,  -82,    1,
   -9, -182,  -11,   56, -122,  224, -372,  578, -869, 1288,-1939, 3101,-5940,28033,11315,-4665, 2838,-1945, 1401,-1028,  756, -552,  397, -281,  205, -193,  -83,    1,
   -8, -181,  -14,   60, -128,  232, -382,  592, -886, 1312,-1970, 3146,-6008,27859,11585,-4749, 2883,-1974, 1419,-1040,  764, -557,  399, -283,  205, -191,  -85,    1,
   -8, -180,  -18,   64, -133,  239, -391,  605, -903, 1334,-2001, 3189,-6073,27683,11856,-4832, 2927,-2001, 1437,-1051,  771, -561,  402, -284,  205, -190,  -86,    1,
   -8, -178,  -21,   68, -139,  246, -401,  617, -920, 1356,-2031, 3231,-6135,27504,12128,-4914, 2970,-2028, 1454,-1063,  779, -565,  404, -285,  205, -188,  -87,    1,
   -7, -177,  -24,   72, -144,  253, -410,  630, -936, 1378,-2060, 3272,-6195,27322,12400,-4994, 3013,-2054, 1471,-1074,  786, -570,  406, -285,  205, -186,  -89,    1,
   -7, -176,  -28,   76, -149,  260, -420,  642, -952, 1399,-2088, 3311,-6251,27136,12672,-5073, 3055,-2079, 1488,-1085,  792, -574,  408, -286,  205, -185,  -90,    1,
   -7, -174,  -31,   80, -154,  267, -429,  653, -967, 1419,-2115, 3348,-6304,26948,12944,-5151, 3095,-2104, 1504,-1095,  799, -577,  410, -287,  205, -183,  -91,    1,
   -6, -173,  -34,   84, -159,  274, -437,  665, -982, 1439,-2141, 3384,-6355,26757,13216,-5228, 3135,-2128, 1519,-1105,  805, -581,  412, -287,  205, -181,  -93,    1,
   -6, -171,  -38,   87, -164,  280, -446,  676, -997, 1457,-2166, 3418,-6403,26563,13489,-5303, 3173,-2152, 1534,-1114,  811, -584,  414, -288,  204, -180,  -94,    1,
   -6, -170,  -41,   91, -169,  287, -454,  687,-1011, 1476,-2190, 3451,-6447,26366,13761,-5376, 3211,-2175, 1549,-1124,  816, -587,  415, -288,  204, -178,  -96,    1,
   -6, -169,  -44,   95, -174,  293, -463,  698,-1025, 1494,-2214, 3483,-6489,26166,14033,-5449, 3248,-2197, 1562,-1132,  822, -590,  417, -289,  203, -176,  -97,    1,
   -5, -167,  -48,   99, -179,  299, -471,  708,-1038, 1511,-2236, 3512,-6528,25964,14306,-5519, 3284,-2218, 1576,-1141,  827, -593,  418, -289,  203, -174,  -98,    1,
   -5, -166,  -51,  102, -183,  305, -478,  718,-1051, 1527,-2257, 3541,-6564,25758,14578,-5588, 3318,-2238, 1589,-1149,  832, -596,  419, -289,  202, -172, -100,    1,
   -5, -164,  -54,  106, -188,  311, -486,  728,-1063, 1543,-2278, 3568,-6597,25551,14850,-5656, 3352,-2258, 1601,-1156,  836, -598,  420, -289,  201, -170, -101,    1,
   -5, -163,  -57,  109, -192,  317, -493,  737,-1075, 1558,-2297, 3593,-6628,25340,15121,-5722, 3384,-2277, 1613,-1164,  840, -600,  420, -289,  201, -168, -103,    1,
   -4, -162,  -61,  113, -197,  322, -500,  746,-1086, 1572,-2316, 3617,-6655,25128,15393,-5786, 3415,-2295, 1624,-1170,  844, -602,  421, -288,  200, -166, -104,    1,
   -4, -160,  -64,  116, -201,  328, -507,  755,-1097, 1586,-2333, 3639,-6680,24912,15664,-5849, 3446,-2313, 1635,-1177,  848, -604,  421, -288,  199, -164, -106,    1,
   -4, -159,  -67,  120, -205,  333, -514,  763,-1108, 1599,-2350, 3660,-6702,24694,15934,-5910, 3475,-2330, 1645,-1183,  851, -605,  422, -287,  198, -162, -107,    1,
   -4, -157,  -70,  123, -209,  338, -520,  771,-1118, 1612,-2365, 3679,-6721,24474,16205,-5969, 3502,-2345, 1654,-1188,  854, -606,  422, -287,  197, -160, -108,    0,
   -3, -156,  -73,  126, -213,  343, -527,  779,-1127, 1624,-2380, 3697,-6738,24252,16474,-6026, 3529,-2360, 1663,-1193,  857, -608,  422, -286,  195, -157, -110,    0,
   -3, -154,  -76,  129, -217,  348, -533,  786,-1137, 1635,-2394, 3713,-6752,24027,16743,-6082, 3555,-2375, 1671,-1198,  859, -608,  422, -285,  194, -155, -111,    0,
   -3, -153,  -80,  132, -221,  353, -539,  793,-1145, 1645,-2406, 3727,-6763,23800,17011,-6136, 3579,-2388, 1679,-1202,  861, -609,  421, -285,  193, -153, -113,    0,
   -3, -151,  -83,  136, -224,  358, -544,  800,-1153, 1655,-2418, 3741,-6771,23570,17279,-6187, 3602,-2401, 1686,-1206,  863, -609,  421, -284,  192, -151, -114,    0,
   -3, -150,  -86,  139, -228,  362, -550,  807,-1161, 1664,-2429, 3752,-6777,23339,17546,-6237, 3624,-2412, 1692,-1210,  864, -609,  420, -282,  190, -148, -116,    0,
   -2, -149,  -89,  141, -231,  366, -555,  813,-1168, 1673,-2438, 3762,-6780,23105,17812,-6285, 3644,-2423, 1698,-1212,  865, -609,  419, -281,  189, -146, -117,    0,
   -2, -147,  -92,  144, -235,  370, -560,  819,-1175, 1681,-2447, 3771,-6781,22870,18077,-6331, 3664,-2433, 1704,-1215,  866, -609,  419, -280,  187, -144, -119,    0,
   -2, -146,  -95,  147, -238,  374, -564,  824,-1181, 1688,-2455, 3778,-6779,22632,18341,-6375, 3682,-2442, 1708,-1217,  867, -609,  417, -279,  185, -141, -120,    0,
   -2, -144,  -98,  150, -241,  378, -569,  829,-1187, 1694,-2462, 3784,-6774,22393,18604,-6417, 3698,-2450, 1712,-1219,  867, -608,  416, -277,  184, -139, -122,    0,
   -2, -143, -101,  153, -245,  382, -573,  834,-1193, 1700,-2468, 3788,-6767,22151,18866,-6456, 3714,-2457, 1716,-1220,  866, -607,  415, -275,  182, -136, -123,    0,
   -2, -141, -103,  155, -247,  385, -577,  839,-1198, 1705,-2472, 3791,-6757,21908,19127,-6494, 3728,-2464, 1718,-1220,  866, -606,  413, -274,  180, -134, -125,    0,
   -2, -140, -106,  158, -250,  389, -581,  843,-1202, 1710,-2476, 3793,-6745,21663,19387,-6529, 3741,-2469, 1720,-1221,  865, -604,  411, -272,  178, -131, -126,    0,
   -1, -138, -109,  160, -253,  392, -584,  847,-1206, 1714,-2479, 3792,-6731,21416,19645,-6562, 3752,-2474, 1722,-1220,  864, -602,  409, -270,  176, -128, -128,   -1,
   -1, -137, -112,  163, -256,  395, -588,  850,-1209, 1717,-2481, 3791,-6714,21168,19903,-6593, 3762,-2477, 1723,-1220,  862, -601,  407, -268,  174, -126, -129,   -1,
   -1, -135, -115,  165, -258,  398, -591,  853,-1212, 1719,-2482, 3788,-6694,20918,20159,-6622, 3771,-2480, 1723,-1219,  861, -598,  405, -266,  172, -123, -131,   -1,
   -1, -134, -118,  168, -261,  400, -593,  856,-1215, 1721,-2483, 3784,-6672,20666,20413,-6648, 3778,-2482, 1722,-1217,  858, -596,  403, -263,  170, -120, -132,   -1,
   -1, -132, -120,  170, -263,  403, -596,  858,-1217, 1722,-2482, 3778,-6648,20413,20666,-6672, 3784,-2483, 1721,-1215,  856, -593,  400, -261,  168, -118, -134,   -1,
   -1, -131, -123,  172, -266,  405, -598,  861,-1219, 1723,-2480, 3771,-6622,20159,20918,-6694, 3788,-2482, 1719,-1212,  853, -591,  398, -258,  165, -115, -135,   -1,
   -1, -129, -126,  174, -268,  407, -601,  862,-1220, 1723,-2477, 3762,-6593,19903,21168,-6714, 3791,-2481, 1717,-1209,  850, -588,  395, -256,  163, -112, -137,   -1,
   -1, -128, -128,  176, -270,  409, -602,  864,-1220, 1722,-2474, 3752,-6562,19645,21416,-6731, 3792,-2479, 1714,-1206,  847, -584,  392, -253,  160, -109, -138,   -1,
    0, -126, -131,  178, -272,  411, -604,  865,-1221, 1720,-2469, 3741,-6529,19387,21663,-6745, 3793,-2476, 1710,-1202,  843, -581,  389, -250,  158, -106, -140,   -2,
    0, -125, -134,  180, -274,  413, -606,  866,-1220, 1718,-2464, 3728,-6494,19127,21908,-6757, 3791,-2472, 1705,-1198,  839, -577,  385, -247,  155, -103, -141,   -2,
    0, -123, -136,  182, -275,  415, -607,  866,-1220, 1716,-2457, 3714,-6456,18866,22151,-6767, 3788,-2468, 1700,-1193,  834, -573,  382, -245,  153, -101, -143,   -2,
    0, -122, -139,  184, -277,  416, -608,  867,-1219, 1712,-2450, 3698,-6417,18604,22393,-6774, 3784,-2462, 1694,-1187,  829, -569,  378, -241,  150,  -98, -144,   -2,
    0, -120, -141,  185, -279,  417, -609,  867,-1217, 1708,-2442, 3682,-6375,18341,22632,-6779, 3778,-2455, 1688,-1181,  824, -564,  374, -238,  147,  -95, -146,   -2,
    0, -119, -144,  187, -280,  419, -609,  866,-1215, 1704,-2433, 3664,-6331,18077,22870,-6781, 3771,-2447, 1681,-1175,  819, -560,  370, -235,  144,  -92, -147,   -2,
    0, -117, -146,  189, -281,  419, -609,  865,-1212, 1698,-2423, 3644,-6285,17812,23105,-6780, 3762,-2438, 1673,-1168,  813, -555,  366, -231,  141,  -89, -149,   -2,
    0, -116, -148,  190, -282,  420, -609,  864,-1210, 1692,-2412, 3624,-6237,17546,23339,-6777, 3752,-2429, 1664,-1161,  807, -550,  362, -228,  139,  -86, -150,   -3,
    0, -114, -151,  192, -284,  421, -609,  863,-1206, 1686,-2401, 3602,-6187,17279,23570,-6771, 3741,-2418, 1655,-1153,  800, -544,  358, -224,  136,  -83, -151,   -3,
    0, -113, -153,  193, -285,  421, -609,  861,-1202, 1679,-2388, 3579,-6136,17011,23800,-6763, 3727,-2406, 1645,-1145,  793, -539,  353, -221,  132,  -80, -153,   -3,
    0, -111, -155,  194, -285,  422, -608,  859,-1198, 1671,-2375, 3555,-6082,16743,24027,-6752, 3713,-2394, 1635,-1137,  786, -533,  348, -217,  129,  -76, -154,   -3,
    0, -110, -157,  195, -286,  422, -608,  857,-1193, 1663,-2360, 3529,-6026,16474,24252,-6738, 3697,-2380, 1624,-1127,  779, -527,  343, -213,  126,  -73, -156,   -3,
    0, -108, -160,  197, -287,  422, -606,  854,-1188, 1654,-2345, 3502,-5969,16205,24474,-6721, 3679,-2365, 1612,-1118,  771, -520,  338, -209,  123,  -70, -157,   -4,
    1, -107, -162,  198, -287,  422, -605,  851,-1183, 1645,-2330, 3475,-5910,15934,24694,-6702, 3660,-2350, 1599,-1108,  763, -514,  333, -205,  120,  -67, -159,   -4,
    1, -106, -164,  199, -288,  421, -604,  848,-1177, 1635,-2313, 3446,-5849,15664,24912,-6680, 3639,-2333, 1586,-1097,  755, -507,  328, -201,  116,  -64, -160,   -4,
    1, -104, -166,  200, -288,  421, -602,  844,-1170, 1624,-2295, 3415,-5786,15393,25128,-6655, 3617,-2316, 1572,-1086,  746, -500,  322, -197,  113,  -61, -162,   -4,
    1, -103, -168,  201, -289,  420, -600,  840,-1164, 1613,-2277, 3384,-5722,15121,25340,-6628, 3593,-2297, 1558,-1075,  737, -493,  317, -192,  109,  -57, -163,   -5,
    1, -101, -170,  201, -289,  420, -598,  836,-1156, 1601,-2258, 3352,-5656,14850,25551,-6597, 3568,-2278, 1543,-1063,  728, -486,  311, -188,  106,  -54, -164,   -5,
    1, -100, -172,  202, -289,  419, -596,  832,-1149, 1589,-2238, 3318,-5588,14578,25758,-6564, 3541,-2257, 1527,-1051,  718, -478,  305, -183,  102,  -51, -166,   -5,
    1,  -98, -174,  203, -289,  418, -593,  827,-1141, 1576,-2218, 3284,-5519,14306,25964,-6528, 3512,-2236, 1511,-1038,  708, -471,  299, -179,   99,  -48, -167,   -5,
    1,  -97, -176,  203, -289,  417, -590,  822,-1132, 1562,-2197, 3248,-5449,14033,26166,-6489, 3483,-2214, 1494,-1025,  698, -463,  293, -174,   95,  -44, -169,   -6,
    1,  -96, -178,  204, -288,  415, -587,  816,-1124, 1549,-2175, 3211,-5376,13761,26366,-6447, 3451,-2190, 1476,-1011,  687, -454,  287, -169,   91,  -41, -170,   -6,
    1,  -94, -180,  204, -288,  414, -584,  811,-1114, 1534,-2152, 3173,-5303,13489,26563,-6403, 3418,-2166, 1457, -997,  676, -446,  280, -164,   87,  -38, -171,   -6,
    1,  -93, -181,  205, -287,  412, -581,  805,-1105, 1519,-2128, 3135,-5228,13216,26757,-6355, 3384,-2141, 1439, -982,  665, -437,  274, -159,   84,  -34, -173,   -6,
    1,  -91, -183,  205, -287,  410, -577,  799,-1095, 1504,-2104, 3095,-5151,12944,26948,-6304, 3348,-2115, 1419, -967,  653, -429,  267, -154,   80,  -31, -174,   -7,
    1,  -90, -185,  205, -286,  408, -574,  792,-1085, 1488,-2079, 3055,-5073,12672,27136,-6251, 3311,-2088, 1399, -952,  642, -420,  260, -149,   76,  -28, -176,   -7,
    1,  -89, -186,  205, -285,  406, -570,  786,-1074, 1471,-2054, 3013,-4994,12400,27322,-6195, 3272,-2060, 1378, -936,  630, -410,  253, -144,   72,  -24, -177,   -7,
    1,  -87, -188,  205, -285,  404, -565,  779,-1063, 1454,-2028, 2970,-4914,12128,27504,-6135, 3231,-2031, 1356, -920,  617, -401,  246, -139,   68,  -21, -178,   -8,
    1,  -86, -190,  205, -284,  402, -561,  771,-1051, 1437,-2001, 2927,-4832,11856,27683,-6073, 3189,-2001, 1334, -903,  605, -391,  239, -133,   64,  -18, -180,   -8,
    1,  -85, -191,  205, -283,  399, -557,  764,-1040, 1419,-1974, 2883,-4749,11585,27859,-6008, 3146,-1970, 1312, -886,  592, -382,  232, -128,   60,  -14, -181,   -8,
    1,  -83, -193,  205, -281,  397, -552,  756,-1028, 1401,-1945, 2838,-4665,11315,28033,-5940, 3101,-1939, 1288, -869,  578, -372,  224, -122,   56,  -11, -182,   -9,
    1,  -82, -194,  205, -280,  394, -547,  748,-1015, 1382,-1917, 2792,-4580,11044,28203,-5869, 3055,-1906, 1264, -851,  565, -362,  217, -117,   52,   -7, -183,   -9,
    1,  -81, -196,  205, -279,  391, -542,  740,-1003, 1363,-1888, 2745,-4494,10775,28369,-5795, 3007,-1873, 1240, -832,  551, -351,  209, -111,   48,   -4, -185,   -9,
    1,  -79, -197,  204, -277,  388, -537,  731, -990, 1343,-1858, 2698,-4407,10506,28533,-5718, 2958,-1838, 1215, -814,  537, -341,  202, -106,   43,   -1, -186,  -10,
    1,  -78, -198,  204, -276,  385, -531,  723, -976, 1323,-1827, 2649,-4319,10237,28693,-5637, 2907,-1803, 1189, -795,  523, -330,  194, -100,   39,    3, -187,  -10,
    1,  -77, -200,  204, -274,  382, -526,  714, -962, 1302,-1796, 2600,-4230, 9969,28850,-5554, 2855,-1767, 1163, -775,  508, -319,  186,  -94,   35,    6, -188,  -10,
    1,  -76, -201,  203, -273,  379, -520,  705, -948, 1281,-1765, 2551,-4140, 9702,29004,-5468, 2802,-1730, 1136, -755,  494, -308,  178,  -88,   31,   10, -190,  -11,
    1,  -74, -202,  202, -271,  375, -514,  695, -934, 1260,-1733, 2500,-4049, 9436,29154,-5379, 2747,-1693, 1109, -735,  479, -297,  169,  -82,   26,   13, -191,  -11,
    1,  -73, -203,  202, -269,  372, -508,  686, -920, 1238,-1700, 2449,-3957, 9171,29301,-5287, 2691,-1654, 1081, -715,  463, -286,  161,  -76,   22,   16, -192,  -12,
    1,  -72, -204,  201, -267,  368, -502,  676, -905, 1216,-1667, 2397,-3864, 8906,29445,-5192, 2633,-1615, 1053, -694,  448, -274,  153,  -70,   18,   20, -193,  -12,
    1,  -71, -206,  200, -265,  364, -495,  666, -890, 1194,-1634, 2345,-3771, 8642,29585,-5094, 2574,-1575, 1024, -673,  432, -263,  144,  -64,   13,   23, -194,  -12,
    1,  -69, -207,  199, -263,  360, -489,  655, -874, 1171,-1600, 2292,-3677, 8380,29721,-4993, 2513,-1534,  995, -651,  416, -251,  136,  -58,    9,   27, -195,  -13,
    1,  -68, -208,  198, -260,  356, -482,  645, -859, 1148,-1565, 2238,-3582, 8118,29854,-4889, 2452,-1492,  965, -629,  400, -239,  127,  -52,    4,   30, -196,  -13,
    1,  -67, -209,  197, -258,  352, -475,  634, -843, 1124,-1530, 2184,-3487, 7858,29983,-4782, 2388,-1449,  934, -607,  383, -227,  118,  -45,    0,   33, -198,  -14,
    1,  -66, -210,  196, -256,  347, -468,  624, -826, 1101,-1495, 2130,-3391, 7598,30109,-4671, 2324,-1406,  903, -584,  367, -215,  109,  -39,   -5,   37, -199,  -14,
    1,  -65, -210,  195, -253,  343, -461,  613, -810, 1077,-1460, 2074,-3294, 7340,30231,-4558, 2258,-1362,  872, -561,  350, -202,  100,  -33,   -9,   40, -200,  -15,
    1,  -64, -211,  194, -251,  339, -454,  601, -793, 1052,-1423, 2019,-3197, 7083,30349,-4442, 2191,-1317,  840, -538,  333, -190,   92,  -26,  -14,   44, -201,  -15,
    1,  -62, -212,  193, -248,  334, -446,  590, -777, 1027,-1387, 1963,-3099, 6828,30464,-4323, 2123,-1271,  808, -514,  316, -177,   82,  -20,  -18,   47, -202,  -16,
    1,  -61, -213,  192, -245,  329, -439,  578, -759, 1003,-1350, 1906,-3001, 6574,30575,-4201, 2053,-1225,  775, -491,  298, -165,   73,  -13,  -23,   50, -203,  -16,
    1,  -60, -214,  190, -243,  324, -431,  567, -742,  977,-1313, 1849,-2903, 6321,30683,-4076, 1982,-1178,  742, -467,  281, -152,   64,   -7,  -27,   54, -204,  -17,
    1,  -59, -214,  189, -240,  320, -423,  555, -725,  952,-1276, 1792,-2804, 6069,30786,-3948, 1910,-1130,  708, -442,  263, -139,   55,    0,  -32,   57, -205,  -17,
    1,  -58, -215,  187, -237,  315, -415,  543, -707,  926,-1238, 1734,-2705, 5819,30886,-3817, 1837,-1082,  674, -417,  245, -126,   46,    6,  -36,   60, -205,  -18,
    1,  -57, -216,  186, -234,  310, -407,  531, -689,  900,-1200, 1676,-2605, 5571,30982,-3683, 1763,-1033,  640, -393,  227, -113,   36,   13,  -41,   64, -206,  -18,
    1,  -56, -216,  184, -231,  304, -399,  518, -671,  874,-1161, 1617,-2506, 5324,31074,-3546, 1687, -984,  605, -367,  208, -100,   27,   19,  -46,   67, -207,  -19,
    1,  -55, -217,  183, -228,  299, -391,  506, -653,  847,-1123, 1559,-2406, 5079,31162,-3406, 1610, -933,  569, -342,  190,  -86,   17,   26,  -50,   70, -208,  -19,
    1,  -54, -217,  181, -224,  294, -382,  493, -634,  821,-1084, 1499,-2305, 4835,31247,-3264, 1533, -882,  534, -316,  171,  -73,    8,   33,  -55,   73, -209,  -20,
    1,  -52, -218,  179, -221,  288, -374,  481, -616,  794,-1045, 1440,-2205, 4593,31327,-3118, 1454, -831,  498, -290,  152,  -59,   -2,   39,  -59,   77, -210,  -21,
    1,  -51, -218,  177, -218,  283, -365,  468, -597,  767,-1005, 1381,-2105, 4353,31404,-2970, 1374, -779,  461, -264,  134,  -46,  -12,   46,  -64,   80, -211,  -21,
    1,  -50, -219,  175, -214,  277, -357,  455, -578,  740, -966, 1321,-2004, 4115,31477,-2818, 1293, -726,  425, -238,  115,  -32,  -21,   53,  -68,   83, -211,  -22,
    1,  -49, -219,  174, -211,  272, -348,  442, -559,  712, -926, 1261,-1904, 3878,31545,-2664, 1210, -673,  388, -211,   95,  -18,  -31,   59,  -73,   86, -212,  -22,
    1,  -48, -219,  172, -207,  266, -339,  428, -540,  685, -886, 1201,-1803, 3644,31610,-2507, 1127, -620,  351, -185,   76,   -5,  -41,   66,  -78,   89, -213,  -23,
    1,  -47, -220,  170, -204,  260, -330,  415, -521,  657, -846, 1141,-1703, 3411,31671,-2347, 1043, -565,  313, -158,   57,    9,  -50,   73,  -82,   93, -213,  -24,
    1,  -46, -220,  167, -200,  254, -321,  402, -501,  629, -806, 1080,-1602, 3180,31728,-2185,  958, -511,  275, -131,   37,   23,  -60,   80,  -87,   96, -214,  -24,
    1,  -45, -220,  165, -197,  248, -312,  388, -482,  601, -766, 1020,-1502, 2951,31780,-2019,  872, -456,  237, -104,   18,   37,  -70,   86,  -91,   99, -215,  -25,
    1,  -44, -220,  163, -193,  242, -303,  375, -462,  573, -725,  959,-1402, 2725,31829,-1851,  785, -400,  198,  -76,   -2,   51,  -80,   93,  -96,  102, -215,  -26,
    1,  -44, -220,  161, -189,  236, -294,  361, -442,  545, -685,  899,-1302, 2500,31874,-1680,  697, -344,  160,  -49,  -22,   65,  -90,  100, -100,  105, -216,  -26,
    1,  -43, -221,  159, -185,  230, -284,  347, -423,  517, -644,  838,-1202, 2277,31915,-1506,  609, -287,  121,  -21,  -41,   79, -100,  107, -105,  108, -216,  -27,
    1,  -42, -221,  156, -181,  224, -275,  334, -403,  489, -604,  778,-1103, 2057,31951,-1330,  519, -231,   82,    7,  -61,   94, -109,  113, -109,  111, -217,  -28,
    1,  -41, -221,  154, -177,  218, -265,  320, -383,  460, -563,  717,-1003, 1839,31984,-1151,  429, -173,   42,   35,  -81,  108, -119,  120, -114,  114, -217,  -29,
    1,  -40, -221,  152, -173,  212, -256,  306, -363,  432, -522,  657, -905, 1623,32013, -969,  338, -116,    3,   63, -101,  122, -129,  127, -118,  117, -218,  -29,
    1,  -39, -221,  149, -169,  205, -246,  292, -343,  403, -482,  596, -806, 1409,32037, -785,  246,  -58,  -37,   91, -121,  136, -139,  133, -123,  120, -218,  -30,
    1,  -38, -221,  147, -165,  199, -237,  278, -323,  375, -441,  536, -708, 1197,32058, -598,  153,    1,  -77,  119, -141,  150, -149,  140, -127,  123, -219,  -31,
    1,  -37, -221,  144, -161,  192, -227,  264, -303,  346, -400,  476, -610,  988,32074, -409,   60,   59, -117,  147, -162,  165, -159,  147, -131,  125, -219,  -32,
    1,  -36, -220,  142, -157,  186, -218,  250, -283,  318, -359,  416, -513,  781,32086, -216,  -34,  118, -157,  176, -182,  179, -169,  153, -136,  128, -219,  -32,
    1,  -36, -220,  139, -153,  180, -208,  235, -262,  289, -319,  356, -416,  577,32094,  -22, -129,  177, -197,  204, -202,  193, -178,  160, -140,  131, -220,  -33,
    8,  -35, -220,  136, -149,  173, -198,  221, -242,  261, -278,  296, -320,  375,32098,  175, -224,  236, -238,  232, -222,  207, -188,  166, -144,  134, -220,  -34,
